,0
,.000739024,0
,.000625680,0
,.000631440,0
,.000644246,0
,.003796625,0
,.000655862,0
,.000574621,0
,.000582322,0
,.000578849,0
,.003377901,0
,.000572290,0
,.000573557,0
,.000578443,0
,.000574659,0
,.000575449,0
,.000581030,0
,.000575657,0
,.000567516,0
,.000574570,0
,.000614584,0
,.000572360,0
,.000576516,0
,.000641681,0
,.000574753,0
,.000578246,0
,.000626438,0
,.000573789,0
,.000575834,0
,.000604481,0
,.000572563,0
,.000574506,0
,.000584819,0
,.000605706,0
,.000577757,0
,.000633699,0
,.000616969,0
,.000573284,0
,.000595730,0
,.000573680,0
,.000578335,0
,.000593272,0
,.000580448,0
,.000597804,0
,.000573484,0
,.000599657,0
,.000622326,0
,.000578494,0
,.000583642,0
,.000574094,0
,.000568166,0
,.000580634,0
,.000583185,0
,.000651602,0
,.000580483,0
,.000569836,0
,.000579490,0
,.000587400,0
,.000576648,0
,.000596819,0
,.000568298,0
,.000585599,0
,.000575096,0
,.000576788,0
,.000621232,0
,.000578639,0
,.000590656,0
,.000569480,0
,.000570597,0
,.000674343,0
,.000575615,0
,.000568939,0
,.000577616,0
,.000609665,0
,.000572389,0
,.000571429,0
,.000590425,0
,.000645471,0
,.000572437,0
,.000665733,0
,.000573191,0
,.000572506,0
,.000620895,0
,.000669483,0
,.000572428,0
,.000569734,0
,.000612586,0
,.000585835,0
,.000570370,0
,.000579884,0
,.000589707,0
,.000602016,0
,.000629135,0
,.000575456,0
,.000619958,0
,.000569759,0
,.000590548,0
,.000585695,0
,.000578488,0
,.000650770,0
,.000581385,0
,.000574406,0
,.000574642,0
,.000585335,0
,.000578763,0
,.000589936,0
,.000584816,0
,.000579217,0
,.000611658,0
,.000574286,0
,.000602877,0
,.000590889,0
,.000583241,0
,.000572423,0
,.000588804,0
,.000585424,0
,.000578936,0
,.000574849,0
,.000603536,0
,.000583768,0
,.000646258,0
,.000574919,0
,.000579177,0
,.000645666,0
,.000582309,0
,.000678745,0
,.000574345,0
,.000574804,0
,.000602001,0
,.000577299,0
,.000594901,0
,.000581056,0
,.000578398,0
,.000594773,0
,.000575458,0
,.000640595,0
,.000571059,0
,.000575249,0
,.000619160,0
,.000579116,0
,.000585185,0
,.000586315,0
,.000576173,0
,.000631643,0
,.000570427,0
,.000574512,0
,.004483220,0
,.000569897,0
,.000576681,0
,.000573371,0
,.000579069,0
,.003733420,0
,.000576992,0
,.000574977,0
,.000578957,0
,.000581258,0
,.000576247,0
,.000580269,0
,.000577712,0
,.000604770,0
,.000586006,0
,.000575652,0
,.000620764,0
,.000574922,0
,.000610949,0
,.000573317,0
,.000630626,0
,.000582360,0
,.000580382,0
,.000578982,0
,.000569405,0
,.000573154,0
,.000612273,0
,.000572265,0
,.000645955,0
,.000577611,0
,.000593885,0
,.000576976,0
,.000580467,0
,.000576697,0
,.000621740,0
,.000572787,0
,.000576736,0
,.000581347,0
,.000572933,0
,.000573014,0
,.000624843,0
,.000571017,0
,.000604128,0
,.000576542,0
,.000569704,0
,.000571847,0
,.000587229,0
,.000575828,0
,.000650874,0
,.000571878,0
,.000578070,0
,.000592280,0
,.000588247,0
,.000637350,0
,.000574713,0
,.000579650,0
,.000575340,0
,.000576355,0
,.000639831,0
,.000567488,0
,.000579651,0
,.000576200,0
,.000604965,0
,.000585299,0
,.000573930,0
,.000648969,0
,.000573172,0
,.000622604,0
,.000578464,0
,.000579505,0
,.000622952,0
,.000578108,0
,.000605052,0
,.000577351,0
,.000576320,0
,.000628655,0
,.000574326,0
,.000638393,0
,.000581771,0
,.000571171,0
,.000622081,0
,.000578180,0
,.000577195,0
,.000595915,0
,.000576769,0
,.000579046,0
,.000613394,0
,.000574288,0
,.000613334,0
,.000572358,0
,.000643039,0
,.000576800,0
,.000568910,0
,.000611159,0
,.000575787,0
,.000571884,0
,.000629792,0
,.000569241,0
,.000597034,0
,.000628336,0
,.000576059,0
,.000575418,0
,.000600407,0
,.000574482,0
,.000624150,0
,.000576872,0
,.000618276,0
,.000570751,0
,.000573860,0
,.000575477,0
,.000572855,0
,.000625393,0
,.000578453,0
,.000568095,0
,.000579260,0
,.000623336,0
,.000576939,0
,.000572223,0
,.000609621,0
,.000579006,0
,.000672340,0
,.000573608,0
,.000583178,0
,.000571157,0
,.000638286,0
,.000580929,0
,.000623104,0
,.000571143,0
,.000576983,0
,.000601881,0
,.000578420,0
,.000611985,0
,.000578380,0
,.000609037,0
,.000588472,0
,.000577942,0
,.000611125,0
,.000578924,0
,.000615575,0
,.000575736,0
,.000602737,0
,.000573638,0
,.000616205,0
,.000577832,0
,.000573735,0
,.000587668,0
,.000571322,0
,.000612930,0
,.000578378,0
,.000580633,0
,.000590428,0
,.000568408,0
,.000579440,0
,.000570862,0
,.000659320,0
,.000576943,0
,.000577662,0
,.000571270,0
,.000584073,0
,.000573340,0
,.000573643,0
,.000576126,0
,.000573399,0
,.000620873,0
,.000576366,0
,.000579230,0
,.000570667,0
,.000570885,0
,.000574002,0
,.000574639,0
,.000569979,0
,.000583208,0
,.000570753,0
,.000617443,0
,.000576859,0
,.000606325,0
,.000587657,0
,.000575746,0
,.000625144,0
,.000579958,0
,.000598432,0
,.000580088,0
,.000611246,0
,.000581832,0
,.000585832,0
,.000606085,0
,.000576075,0
,.000678366,0
,.000570141,0
,.000617618,0
,.000615087,0
,.000573149,0
,.000598899,0
,.000574174,0
,.000648453,0
,.000574801,0
,.000572916,0
,.000629601,0
,.000582334,0
,.000629355,0
,.000625900,0
,.000572171,0
,.000582523,0
,.000591283,0
,.000576336,0
,.000572761,0
,.000608477,0
,.000573738,0
,.000584530,0
,.000584338,0
,.000570407,0
,.000602082,0
,.006472421,0
,.000574362,0
,.000582906,0
,.000571297,0
,.000616476,0
,.001693850,0
,.000574584,0
,.000600142,0
,.000567405,0
,.000565097,0
,.000573128,0
,.003796502,0
,.000575755,0
,.000583261,0
,.000575694,0
,.000580339,0
,.001771723,0
,.000570752,0
,.000572988,0
,.000570597,0
,.000590865,0
,.000565185,0
,.000578568,0
,.004429974,0
,.000572317,0
,.000574021,0
,.000591638,0
,.000576035,0
,.004562311,0
,.000566630,0
,.000569759,0
,.000584478,0
,.000561110,0
,.003246236,0
,.000565478,0
,.000571798,0
,.000573006,0
,.000573250,0
,.000585401,0
,.000572436,0
,.003519240,0
,.000574122,0
,.000575190,0
,.000578835,0
,.000580376,0
,.004695409,0
,.002835598,0
,.000573941,0
,.000574654,0
,.000573383,0
,.000575047,0
,.005330937,0
,.000574825,0
,.000579442,0
,.000575808,0
,.000592113,0
,.000579060,0
,.000576258,0
,.007235981,0
,.000571590,0
,.000565770,0
,.000582021,0
,.000578774,0
,.000570722,0
,.000724318,0
,.000567599,0
,.000579424,0
,.000578381,0
,.000577061,0
,.008049543,0
,.000573257,0
,.000573662,0
,.000580555,0
,.000576542,0
,.008252547,0
,.000604529,0
,.000569086,0
,.000577334,0
,.000576374,0
,.000584147,0
,.000605044,0
,.000573109,0
,.000624460,0
,.000578500,0
,.000586453,0
,.000575037,0
,.000573405,0
,.000575100,0
,.000605488,0
,.000583093,0
,.000587551,0
,.000576595,0
,.000661930,0
,.000580346,0
,.000579125,0
,.000581591,0
,.000630293,0
,.000575966,0
,.000583782,0
,.000572701,0
,.000574500,0
,.004893297,0
,.000575209,0
,.000658254,0
,.000579147,0
,.000569619,0
,.001128293,0
,.000571881,0
,.000571603,0
,.000584895,0
,.000576412,0
,.000574345,0
,.000568010,0
,.000579524,0
,.000571352,0
,.000578934,0
,.000578749,0
,.000573529,0
,.004160352,0
,.000564732,0
,.000572686,0
,.000578811,0
,.000576094,0
,.004043358,0
,.000574416,0
,.000573607,0
,.000573729,0
,.000588441,0
,.000573491,0
,.000574281,0
,.000576543,0
,.000599882,0
,.000586155,0
,.000662644,0
,.000761859,0
,.000582706,0
,.000572406,0
,.000624615,0
,.000576475,0
,.000648041,0
,.000574956,0
,.000661058,7f2eac4ee740
,.000675925,0
,.000574575,0
,.000585346,0
,.002953161,0
,.000577294,0
,.000576613,0
,.000580800,0
,.000583417,0
,.003593409,0
,.000578651,0
,.000577003,0
,.000584436,0
,.000569396,0
,.000693343,0
,.000573105,0
,.000568225,0
,.000601560,0
,.000574711,0
,.000578220,0
,.007301427,0
,.000577748,0
,.000576950,0
,.000603012,0
,.000579643,0
,.000739963,0
,.000575205,0
,.000574924,0
,.000583550,0
,.000579571,0
,.000579429,0
,.000649488,0
,.000582348,0
,.000578388,0
,.000590850,0
,.001827736,0
,.000605257,0
,.000565950,0
,.000581045,0
,.000580167,0
,.002934385,0
,.000575455,0
,.000577872,0
,.000588268,0
,.000583039,0
,.005518033,0
,.000574713,0
,.000634726,0
,.000577995,0
,.000590616,0
,.006313881,0
,.000579121,0
,.000581711,0
,.000578922,0
,.000576305,0
,.000588053,0
,.000567852,0
,.000588313,0
,.000574361,0
,.000585308,0
,.000580908,0
,.000637055,0
,.000572225,0
,.000575591,0
,.000599665,0
,.006501963,0
,.000580654,0
,.000570746,0
,.000582105,0
,.000578508,0
,.003383115,0
,.000580946,0
,.000572546,0
,.000572961,0
,.000577578,0
,.001164629,0
,.000577266,0
,.000575456,0
,.000578843,0
,.000574887,0
,.000575502,0
,.000567827,0
,.000587986,0
,.000589160,0
,.000581818,0
,.000622682,0
,.000571634,0
,.000579049,0
,.000581981,0
,.000578588,0
,.000626576,0
,.000625696,0
,.000580754,0
,.000573734,0
,.000644297,0
,.000580798,0
,.000571262,0
,.000578046,0
,.000592841,0
,.000578663,0
,.000648072,0
,.000574204,0
,.000571665,0
,.000620876,0
,.000571326,0
,.000579301,0
,.000582035,0
,.000579005,0
,.000581150,0
,.000654716,0
,.007746474,0
,.000610983,0
,.000576764,0
,.000585558,0
,.000574631,0
,.000587697,0
,.000638598,0
,.000594492,0
,.000574679,0
,.000663673,0
,.000581514,0
,.000576793,0
,.000586881,0
,.000586432,0
,.000632808,0
,.000569622,0
,.000580820,0
,.000574833,0
,.000643437,0
,.000586192,0
,.000583788,0
,.000620029,0
,.000580869,0
,.000570618,0
,.000589923,0
,.000583477,0
,.000582638,0
,.000651859,0
,.000580006,0
,.000585791,0
,.000598274,0
,.000576432,0
,.000617876,0
,.000581656,0
,.000572085,0
,.000610967,0
,.000570813,0
,.000686783,0
,.000577706,0
,.000571672,0
,.000618712,0
,.000581923,0
,.000615801,0
,.000577746,0
,.000579307,0
,.000587826,0
,.000583803,0
,.000678292,0
,.000577138,0
,.000593568,0
,.000576829,0
,.000615589,0
,.000612040,0
,.000568633,0
,.000613670,0
,.000579834,0
,.000602299,0
,.000579760,0
,.000615714,0
,.000578403,0
,.000577571,0
,.000626581,0
,.000579487,0
,.000616735,0
,.000573605,0
,.000589214,0
,.000575919,0
,.000604700,0
,.000586096,0
,.000642038,0
,.000585829,0
,.000570456,0
,.000606640,0
,.000577597,0
,.002594235,0
,.000577581,0
,.000574717,0
,.000576966,0
,.000619225,0
,.001649915,0
,.000575775,0
,.000579280,0
,.000579308,0
,.000577108,0
,.000576359,0
,.000575972,0
,.000579463,0
,.000576913,0
,.000575431,0
,.000584152,0
,.000579149,0
,.000573844,0
,.000572850,0
,.000578498,0
,.000585640,0
,.000579937,0
,.000579038,0
,.000578269,0
,.000578046,0
,.000582917,0
,.000592707,0
,.000585228,0
,.000592329,0
,.000618563,0
,.000579067,0
,.000629091,0
,.000572978,0
,.000601425,0
,.000574939,0
,.000592557,0
,.000569671,0
,.000587881,0
,.000576003,0
,.000600560,0
,.000577129,0
,.000574988,0
,.000603272,0
,.000583651,0
,.000577574,0
,.000636226,0
,.000578134,0
,.000574545,0
,.000609578,0
,.000571092,0
,.000597545,0
,.000586817,0
,.000625607,0
,.000578116,0
,.000594687,0
,.000577227,0
,.000618536,0
,.000580233,0
,.000636579,0
,.000575504,0
,.000581318,0
,.000636012,0
,.000583549,0
,.000596731,0
,.000578505,0
,.000608152,0
,.000578176,0
,.000582519,0
,.000619258,0
,.000579121,0
,.000605821,0
,.000577409,0
,.000608408,0
,.000580505,0
,.000583946,0
,.000624439,0
,.000582431,0
,.000601725,0
,.000583414,0
,.000631297,0
,.000571368,0
,.000576170,0
,.000581257,0
,.000587497,0
,.000580934,0
,.000576798,0
,.000601498,0
,.000609094,0
,.000644889,0
,.000585112,0
,.000577842,0
,.000586479,0
,.000583545,0
,.000614998,0
,.000592545,0
,.000572003,0
,.000616153,0
,.000575189,0
,.000612945,0
,.000572876,0
,.000583813,0
,.000615939,0
,.000580403,0
,.000624555,0
,.000575019,0
,.000596237,0
,.000571973,0
,.000629111,0
,.000569562,0
,.000582469,0
,.000615547,0
,.000580985,0
,.000599982,0
,.000618964,0
,.000579216,0
,.000584751,0
,.000607910,0
,.000628477,0
,.000577152,0
,.000595907,0
,.000594282,0
,.000613003,0
,.000572766,0
,.000597489,0
,.000586589,0
,.000575536,0
,.000593849,0
,.000572866,0
,.000576180,0
,.000650610,0
,.006057312,0
,.000578233,0
,.000569607,0
,.000574038,0
,.000619706,0
,.002123506,0
,.005496831,0
,.000570879,0
,.000584474,0
,.000578371,0
,.000576986,0
,.002427913,0
,.000572102,0
,.000580191,0
,.000596067,0
,.000578094,0
,.000583054,0
,.004654702,0
,.000578754,0
,.000576245,0
,.000579377,0
,.000573032,0
,.003156775,0
,.004299044,0
,.000574510,0
,.000572262,0
,.000583894,0
,.000574260,0
,.003885186,0
,.000580702,0
,.000577216,0
,.000580773,0
,.000589519,0
,.000584820,0
,.004281822,0
,.000576557,0
,.000575844,0
,.000575926,0
,.000583660,0
,.003908816,0
,.000573813,0
,.000584896,0
,.000573951,0
,.000568930,0
,.000574182,0
,.000606141,0
,.000591079,0
,.000577951,0
,.000647314,0
,.000574777,0
,.000573862,0
,.000621024,0
,.000566986,0
,.000575009,0
,.000615961,0
,.000645848,0
,.000579259,0
,.005878074,0
,.000569270,0
,.000622016,0
,.000582867,0
,.000578218,0
,.000585837,0
,.000577374,0
,.000579475,0
,.000585112,0
,.000600660,0
,.000581724,0
,.000678764,0
,.000575993,0
,.000574036,0
,.000635606,0
,.000581517,0
,.000572463,0
,.000630139,0
,.000578821,0
,.000573763,0
,.000686409,0
,.000580821,0
,.000583243,0
,.000582596,0
,.000625004,0
,.000600949,0
,.000565563,0
,.000576430,0
,.001443831,0
,.000574630,0
,.000569277,0
,.000623603,0
,.000577821,0
,.000571099,0
,.001907710,0
,.000573865,0
,.000575211,0
,.000575644,0
,.000617292,0
,.006226596,0
,.000578104,0
,.000577957,0
,.000584033,0
,.000575853,0
,.000579791,0
,.000582613,0
,.000606557,0
,.000577662,0
,.000584049,0
,.000594033,0
,.000574214,0
,.000570063,0
,.000592714,0
,.000578596,0
,.000673324,0
,.000581473,0
,.000578280,0
,.000586276,0
,.000594617,0
,.000599463,0
,.000620827,0
,.000570094,0
,.000597890,0
,.000583609,0
,.000614054,0
,.000612211,0
,.000579272,0
,.000587052,0
,.000580312,0
,.000570639,0
,.000607900,0
,.000588717,0
,.000578209,0
,.000578264,0
,.000702741,0
,.007792297,0
,.000576889,0
,.000578625,0
,.000582719,0
,.000577248,0
,.000674603,0
,.000607538,0
,.000570758,0
,.000582502,0
,.000578162,0
,.000578757,0
,.000571355,0
,.000575348,0
,.000581989,0
,.000584461,0
,.000572197,0
,.000572081,0
,.000588296,0
,.000576198,0
,.000580873,0
,.000582817,0
,.000575743,0
,.000613669,0
,.000578916,0
,.000652008,0
,.000573951,0
,.000574474,0
,.000650671,0
,.000579924,0
,.000580521,0
,.000603030,0
,.000570869,0
,.000648604,0
,.000649763,0
,.000678531,0
,.000611975,0
,.000599941,0
,.000576648,0
,.000579876,0
,.000641832,0
,.007938588,0
,.000634776,0
,.000659723,0
,.000576060,0
,.000572955,0
,.000631065,0
,.000573817,0
,.000580320,0
,.000577150,0
,.000580579,0
,.000579220,0
,.000590572,0
,.000575872,0
,.000570223,0
,.000563693,0
,.000576315,0
,.000580271,0
,.000627768,0
,.000582516,0
,.000579545,0
,.000574259,0
,.000573594,0
,.000612058,0
,.000574314,0
,.000576266,0
,.000581680,0
,.000577471,0
,.000582152,0
,.000575883,0
,.000583882,0
,.000592413,0
,.000575903,0
,.000575088,0
,.000570143,0
,.000580345,0
,.000627745,0
,.000577831,0
,.000574585,0
,.000581035,0
,.000576795,0
,.000581676,0
,.000579769,0
,.000572578,0
,.000579742,0
,.000581084,0
,.000577920,0
,.000957761,0
,.000584405,0
,.000575335,0
,.000603358,0
,.000573897,0
,.000584051,0
,.000600803,0
,.000578582,0
,.000631684,0
,.000577994,0
,.000586540,0
,.000585522,0
,.000581016,0
,.000607687,0
,.000571672,0
,.000671252,0
,.000581383,0
,.000570412,0
,.000580605,0
,.000602239,0
,.000577844,0
,.000626365,0
,.000575154,0
,.000576992,0
,.000580150,0
,.000577950,0
,.000605752,0
,.000579493,0
,.000573293,0
,.000569000,0
,.000578292,0
,.000573894,0
,.000563607,0
,.000589472,0
,.001936117,0
,.000574886,0
,.000644824,0
,.000576010,0
,.000575370,0
,.006256114,0
,.000572198,0
,.000583625,0
,.000574154,0
,.000607143,0
,.000573421,0
,.000582092,0
,.000574950,0
,.000577195,0
,.000578474,0
,.000618825,0
,.000579947,0
,.000582963,0
,.000570436,0
,.000574995,0
,.000570858,0
,.000619136,0
,.000578399,0
,.000579471,0
,.000573520,0
,.000579347,0
,.000569635,0
,.000571749,0
,.000670945,0
,.000588444,0
,.000575995,0
,.000578140,0
,.000581895,0
,.002915076,0
,.000566020,0
,.000570344,0
,.000571727,0
,.000615562,0
,.000579844,0
,.000646819,0
,.000570712,0
,.000587037,0
,.000577014,0
,.000592627,0
,.000574615,0
,.000588696,0
,.000665837,0
,.000577286,0
,.000586208,0
,.000630073,0
,.000587196,0
,.000576929,0
,.000591761,0
,.000586034,0
,.000580510,0
,.000609423,0
,.000574915,0
,.000634016,0
,.000573946,0
,.000578880,0
,.000630960,0
,.000576483,0
,.000609926,0
,.000592441,0
,.000574092,0
,.000574352,0
,.000579067,0
,.000575351,0
,.000579523,0
,.000616984,0
,.000572919,0
,.000608206,0
,.000571620,0
,.000610331,0
,.000674908,0
,.000569760,0
,.000575322,0
,.000625247,0
,.000584686,0
,.000573755,0
,.000625172,0
,.000571959,0
,.000580702,0
,.000669130,0
,.000579946,0
,.000574714,0
,.000610385,0
,.000572585,0
,.000640936,0
,.000606569,0
,.000584986,0
,.000590651,0
,.000577964,0
,.000573974,0
,.000584135,0
,.000570827,0
,.000604947,0
,.000576326,0
,.000655797,0
,.000577372,0
,.000581133,0
,.001742866,0
,.000573999,0
,.000574408,0
,.000572272,0
,.000580971,0
,.006351604,0
,.000595848,0
,.000572990,0
,.000578111,0
,.000585472,0
,.000570288,0
,.000630179,0
,.000592500,0
,.000573927,0
,.000577584,0
,.000582718,0
,.000582224,0
,.005423257,0
,.000591005,0
,.000579567,0
,.000580835,0
,.000578617,0
,.000576443,0
,.001998035,0
,.000574883,0
,.000575141,0
,.000578175,0
,.000580816,0
,.007689246,0
,.000573581,0
,.000578780,0
,.000574806,0
,.000615831,0
,.000601609,0
,.000574313,0
,.000586925,0
,.000571559,0
,.000585708,0
,.000576907,0
,.000573918,0
,.000570521,0
,.000575597,0
,.000576749,0
,.000608011,0
,.000583030,0
,.000573776,0
,.000597479,0
,.000572725,0
,.000573761,0
,.000569714,0
,.000575523,0
,.000577846,0
,.000576882,0
,.000573802,0
,.000617345,0
,.000574668,0
,.000575135,0
,.000620547,0
,.000582651,0
,.000621228,0
,.000579711,0
,.000585408,0
,.000572745,0
,.000572814,0
,.000624684,0
,.000573931,0
,.000579967,0
,.000602006,0
,.000576630,0
,.000579589,0
,.000585297,0
,.000582791,0
,.000588565,0
,.000602713,0
,.000600392,0
,.000582991,0
,.000576410,0
,.000583054,0
,.000577496,0
,.000594110,0
,.000603085,0
,.000580539,0
,.000628803,0
,.000575693,0
,.000588623,0
,.000572600,0
,.000614514,0
,.000583378,0
,.000635958,0
,.000579611,0
,.000600406,0
,.000573807,0
,.000569536,0
,.000588003,0
,.000588062,0
,.000658504,0
,.000576056,0
,.000640928,0
,.000580840,0
,.000578604,0
,.000639316,0
,.000576023,0
,.000591264,0
,.000574264,0
,.000582628,0
,.000601417,0
,.000581911,0
,.000569659,0
,.000579503,0
,.000597314,0
,.000626863,0
,.000584613,0
,.000579876,0
,.000615533,0
,.000566155,0
,.000605659,0
,.000614621,0
,.000576135,0
,.000599789,0
,.000576270,0
,.000643942,0
,.000578503,0
,.000573589,0
,.000571174,0
,.000591459,0
,.000577059,0
,.000621013,0
,.000577800,0
,.000576656,0
,.000583173,0
,.000587629,0
,.000572400,0
,.000580637,0
,.000617727,0
,.000596303,0
,.000626253,0
,.000582674,0
,.000593469,0
,.000572267,0
,.000599120,0
,.000573585,0
,.000640071,0
,.000573394,0
,.000566690,0
,.000598570,0
,.000579342,0
,.000580390,0
,.000577014,0
,.000600639,0
,.000583819,0
,.000615830,0
,.000571377,0
,.000573435,0
,.000615955,0
,.000579994,0
,.000595440,0
,.000578095,0
,.000701899,0
,.000568647,0
,.000578264,0
,.000616656,0
,.000567985,0
,.000635687,0
,.000572855,0
,.000672500,0
,.000583194,0
,.000585497,0
,.000576635,0
,.000588510,0
,.000611027,0
,.000581489,0
,.000582678,0
,.000670588,0
,.000571127,0
,.000600812,0
,.000577121,0
,.000606455,0
,.000582369,0
,.000581080,0
,.000626071,0
,.000572610,0
,.000590959,0
,.000580250,0
,.000629285,0
,.000581608,0
,.000586456,0
,.000575705,0
,.000590347,0
,.000596131,0
,.000577005,0
,.000592376,0
,.000577184,0
,.000595418,0
,.000586466,0
,.000575377,0
,.000592184,0
,.000581408,0
,.000605513,0
,.000575403,0
,.000572538,0
,.000675343,0
,.000583903,0
,.000581399,0
,.000579140,0
,.000583733,0
,.000602083,0
,.000615262,0
,.000578813,0
,.000625760,0
,.000579165,0
,.000642365,0
,.000579500,0
,.000571760,0
,.000731346,0
,.000578368,0
,.000572517,0
,.000608537,0
,.000572509,0
,.000619024,0
,.000583500,0
,.000574172,0
,.000575008,0
,.000565745,0
,.000564211,0
,.000565601,0
,.000574334,0
,.000582225,0
,.000637659,0
,.000573976,0
,.000576751,0
,.000590532,0
,.000620847,0
,.000577528,0
,.000573576,0
,.000610729,0
,.000575539,0
,.000577558,0
,.000643906,0
,.000574676,0
,.000618380,0
,.000634947,0
,.000580199,0
,.000626976,0
,.000576938,0
,.000631884,0
,.000572958,0
,.000637604,0
,.000571999,0
,.000576949,0
,.000687165,0
,.000580242,0
,.000618374,0
,.000574844,0
,.000611361,0
,.000618502,0
,.000579397,0
,.000620910,0
,.000575970,0
,.000630176,0
,.000586291,0
,.000576512,0
,.000602534,0
,.000672922,0
,.000573979,0
,.000580832,0
,.000614935,0
,.000573522,0
,.006336428,0
,.000582615,0
,.000586528,0
,.000579277,0
,.000640991,0
,.001819550,0
,.004468803,0
,.000575914,0
,.000575043,0
,.000572498,0
,.000611191,0
,.004082837,0
,.000577828,0
,.000572089,0
,.000580120,0
,.000574914,0
,.002134030,0
,.000674963,0
,.000575263,0
,.000579167,0
,.000570848,0
,.000583316,0
,.003983822,0
,.000576487,0
,.000572547,0
,.000582628,0
,.000573596,0
,.002045970,0
,.000581508,0
,.000569345,0
,.000578115,0
,.000579055,0
,.000588530,0
,.000574150,0
,.000651111,0
,.000583531,0
,.000576480,0
,.000598167,0
,.000581276,0
,.000578983,0
,.000650895,0
,.000695588,0
,.000664112,0
,.000599999,0
,.000597677,0
,.000582997,0
,.008205796,0
,.000573796,7fb122131580
,.000610262,0
,.000650563,0
,.000577961,0
,.001357678,0
,.000574567,0
,.000573296,0
,.000580430,0
,.000660933,0
,.002462136,0
,.000580012,0
,.000585117,0
,.000573096,0
,.000577833,0
,.003456768,0
,.000573933,0
,.000577974,0
,.000571440,0
,.000581299,0
,.000603133,0
,.000627322,0
,.000577419,0
,.000592783,0
,.000583442,0
,.000623898,0
,.000580553,0
,.000613836,0
,.000578956,0
,.000574154,0
,.000570203,0
,.000574715,0
,.000572419,0
,.000611427,0
,.000574756,0
,.007586975,0
,.000578141,0
,.000573667,0
,.000575938,0
,.000581485,0
,.000579514,0
,.000579268,0
,.000647101,0
,.000604479,0
,.000581771,0
,.000585765,0
,.000599001,0
,.000576220,0
,.000610645,0
,.000586661,0
,.000583364,0
,.000590156,0
,.000633981,0
,.000573482,0
,.000578447,0
,.000605113,0
,.000574394,0
,.000697459,0
,.000563517,0
,.000569746,0
,.000573329,0
,.000668281,0
,.000614030,0
,.000574589,0
,.000647880,0
,.000579820,0
,.000580867,0
,.000594764,0
,.000577813,0
,.000590763,0
,.000586054,0
,.000589340,0
,.000616321,0
,.000567016,0
,.000622959,0
,.000573221,0
,.000581218,0
,.000585662,0
,.000584110,0
,.000630509,0
,.007869370,0
,.000575563,0
,.000575547,0
,.000598260,0
,.000575899,0
,.000576886,0
,.000591231,0
,.000578716,0
,.000582862,0
,.000673080,0
,.000575301,0
,.000582612,0
,.000636194,0
,.000581479,0
,.000575901,0
,.000594576,0
,.000578598,0
,.000576936,0
,.000682615,0
,.000577652,0
,.000578874,0
,.000662722,0
,.000573947,0
,.000602880,0
,.000610205,0
,.000576076,0
,.000623607,0
,.000579086,0
,.000575230,0
,.000580882,0
,.000578021,0
,.000620598,0
,.000644919,0
,.000581200,0
,.000572665,0
,.000581390,0
,.000575633,0
,.000581653,0
,.000576442,0
,.000628609,0
,.000585265,0
,.000608657,0
,.000569983,0
,.000655126,0
,.000587482,0
,.000573800,0
,.000601824,0
,.000572413,0
,.000604074,0
,.000613673,0
,.000573605,0
,.000579273,0
,.000587305,0
,.000576209,0
,.000588251,0
,.000573498,0
,.000597792,0
,.000577630,0
,.000605943,0
,.000585409,0
,.000580174,0
,.000602873,0
,.000601021,0
,.000587258,0
,.000578964,0
,.000582876,0
,.000613807,0
,.000580610,0
,.000593641,0
,.000564630,0
,.000578666,0
,.000576761,0
,.000709790,0
,.000576537,0
,.000578291,0
,.000578756,0
,.000584096,0
,.000618290,0
,.000576804,0
,.000593849,0
,.000575052,0
,.000630283,0
,.000614263,0
,.000579843,0
,.000607837,0
,.000574928,0
,.000578330,0
,.000682434,0
,.000581833,0
,.000586995,0
,.000565620,0
,.000650222,0
,.000577751,0
,.000579746,0
,.000654526,0
,.000575985,0
,.000579398,0
,.000617779,0
,.000578231,0
,.000620218,0
,.000581441,0
,.000630732,0
,.000576312,0
,.000599638,0
,.000567539,0
,.000613444,0
,.000577583,0
,.000700602,0
,.007841874,0
,.000578618,0
,.000588908,0
,.000582613,0
,.000573503,0
,.000575222,0
,.000621221,0
,.000581226,0
,.000601474,0
,.000575184,0
,.000679673,0
,.000574194,0
,.000580809,0
,.000597854,0
,.000572184,0
,.000617299,0
,.000575099,0
,.000589536,0
,.000575780,0
,.000567586,0
,.000615086,0
,.000574298,0
,.000609231,0
,.000575415,0
,.000577785,0
,.000673655,0
,.000582714,0
,.000600799,0
,.000582999,0
,.000596712,0
,.000582155,0
,.000609088,0
,.000583165,0
,.000581096,0
,.000601828,0
,.000570252,0
,.000577421,0
,.000579360,0
,.000588315,0
,.000578093,0
,.000576903,0
,.000599115,0
,.000590309,0
,.000575583,0
,.000580673,0
,.000682646,0
,.000580800,0
,.000575401,0
,.000652800,0
,.000574186,0
,.000579238,0
,.000645845,0
,.000563803,0
,.000594718,0
,.000581688,0
,.000580917,0
,.000591044,0
,.000589555,0
,.000589064,0
,.000589414,0
,.000575909,0
,.000675211,0
,.000576535,0
,.000588710,0
,.000576694,0
,.000579426,0
,.000640915,0
,.000600894,0
,.000575007,0
,.000594559,0
,.000574841,0
,.000673935,0
,.000579552,0
,.000575265,0
,.000607284,0
,.000578925,0
,.000578433,0
,.000622605,0
,.000575580,0
,.000609325,0
,.000577636,0
,.000598756,0
,.000571172,0
,.000573224,0
,.000574921,0
,.000695326,0
,.000577216,0
,.000575011,0
,.000675648,0
,.000580211,0
,.000574186,0
,.000580936,0
,.000580619,0
,.000574322,0
,.000571176,0
,.000576468,0
,.000580274,0
,.000591518,0
,.000579216,0
,.000582527,0
,.000593056,0
,.000575296,0
,.000583077,0
,.000579793,0
,.000574312,0
,.000574755,0
,.000572713,0
,.000578338,0
,.000622157,0
,.000572065,0
,.000571125,0
,.000613028,0
,.000576917,0
,.000573028,0
,.000642316,0
,.000568938,0
,.000576080,0
,.000580337,0
,.000576081,0
,.003048854,0
,.000575400,0
,.000569375,0
,.000580489,0
,.000573963,0
,.004402277,0
,.000575219,0
,.000578353,0
,.000569808,0
,.000578525,0
,.000583992,0
,.000596841,0
,.000618257,0
,.000579780,0
,.000599699,0
,.000578819,0
,.000619739,0
,.000628075,0
,.000582356,0
,.000629139,0
,.000866504,0
,.000572667,0
,.000588286,0
,.000573074,0
,.000595918,0
,.002262906,0
,.000571531,0
,.000577333,0
,.000575277,0
,.000581434,0
,.005029962,0
,.000573172,0
,.000632715,0
,.000579735,0
,.000569810,0
,.008062110,0
,.000576423,0
,.000574377,0
,.000584767,0
,.000580545,0
,.000572281,0
,.000595550,0
,.000575498,0
,.000588266,0
,.000655513,0
,.000576168,0
,.000588944,0
,.000581404,0
,.000661381,0
,.000568608,0
,.000571375,0
,.000570418,0
,.000577141,0
,.000589048,0
,.000642485,0
,.000574837,0
,.000575436,0
,.000578774,0
,.000576926,0
,.000583729,0
,.000578900,0
,.000580001,0
,.000590372,0
,.000585844,0
,.000614022,0
,.000613826,0
,.000576098,0
,.000667194,0
,.000572521,0
,.000594777,0
,.000648438,0
,.000563685,0
,.000571924,0
,.000585414,0
,.000590431,0
,.000587400,0
,.000607147,0
,.000609064,0
,.000577440,0
,.000582027,0
,.000578507,0
,.000586559,0
,.000581088,0
,.000607170,0
,.000598441,0
,.000583101,0
,.000617232,0
,.000575389,0
,.000584360,0
,.000603316,0
,.000583753,0
,.000592931,0
,.000583321,0
,.000587613,0
,.000580836,0
,.000591182,0
,.000587255,0
,.000580529,0
,.000596652,0
,.000575737,0
,.000601315,0
,.000572475,0
,.000584832,0
,.000587898,0
,.000573293,0
,.000663358,0
,.000578974,0
,.000607744,0
,.000572827,0
,.000675527,0
,.000583610,0
,.000578209,0
,.000589145,0
,.000627645,0
,.000581493,0
,.000672446,0
,.000577134,0
,.000591046,0
,.000581129,0
,.000571612,0
,.000627445,0
,.000570197,0
,.000583236,0
,.000573356,0
,.002082634,0
,.000572409,0
,.000571223,0
,.000573884,0
,.000588772,0
,.000575963,0
,.000573107,0
,.000577911,0
,.000594158,0
,.000574530,0
,.000580671,0
,.000573307,0
,.000622661,0
,.000578607,0
,.000677916,0
,.000574037,0
,.000579440,0
,.000660978,0
,.000572260,0
,.000571987,0
,.000577674,0
,.000576965,0
,.000581335,0
,.000580433,0
,.000595245,0
,.000576575,0
,.000572421,0
,.000574286,0
,.000614592,0
,.000579891,0
,.000579332,0
,.000577380,0
,.000578586,0
,.000577336,0
,.000633255,0
,.000575814,0
,.000577515,0
,.000567662,0
,.000577529,0
,.000581116,0
,.000576890,0
,.000581320,0
,.000960509,0
,.000572045,0
,.000574973,0
,.000572628,0
,.000622526,0
,.000577827,0
,.000577634,0
,.000570811,0
,.000578079,0
,.000571522,0
,.000576535,0
,.000580020,0
,.000609591,0
,.000574067,0
,.000574471,0
,.000581122,0
,.000665694,0
,.000579405,0
,.000579462,0
,.000616092,0
,.000578564,0
,.000576704,0
,.000625976,0
,.000578844,0
,.000584249,0
,.000630294,0
,.000610611,0
,.000615234,0
,.000583754,0
,.000588511,0
,.000578586,0
,.000609288,0
,.000615774,0
,.000576535,0
,.000597963,0
,.000581145,0
,.000666783,0
,.000718650,0
,.000660920,0
,.000668022,0
,.000570094,0
,.000575652,0
,.000626920,0
,.000583159,0
,.000573467,0
,.000579282,0
,.000606746,0
,.000633351,0
,.000655564,0
,.000578901,0
,.000579070,0
,.000576062,0
,.000657720,0
,.000581530,0
,.000578095,0
,.000601906,0
,.000606587,0
,.000616636,0
,.000575227,0
,.000650737,0
,.000576790,0
,.000564898,0
,.000575435,0
,.000581102,0
,.000572950,0
,.000572194,0
,.000577749,0
,.000594249,0
,.000578668,0
,.000572965,0
,.000575546,0
,.001823505,0
,.000577955,0
,.000580720,0
,.000580543,0
,.000602570,0
,.007047159,0
,.000573523,0
,.000633876,0
,.000574350,0
,.000571185,0
,.001057370,0
,.000577344,0
,.000614197,0
,.000577079,0
,.000575227,0
,.000581965,0
,.000575592,0
,.000604841,0
,.000586642,0
,.000578772,0
,.000677221,0
,.000577175,0
,.000583550,0
,.000572246,0
,.000608392,0
,.000629570,0
,.000578669,0
,.000577349,0
,.000612260,0
,.000575664,0
,.007310249,0
,.000570142,0
,.000579324,0
,.000585150,0
,.000580313,0
,.000723865,0
,.006759922,0
,.000602569,0
,.000576440,0
,.000572043,0
,.000583429,0
,.001324855,0
,.006215506,0
,.000576896,0
,.000592552,0
,.000580094,0
,.000627551,0
,.001911046,0
,.003231601,0
,.000574071,0
,.000572609,0
,.000579232,0
,.000622747,0
,.004113641,0
,.000583792,0
,.000572046,0
,.000582409,0
,.000572014,0
,.002272372,0
,.000580662,0
,.000579852,0
,.000578654,0
,.000580983,0
,.000577214,0
,.000582898,0
,.000575109,0
,.000601838,0
,.000583567,0
,.000698355,0
,.000577015,0
,.000571855,0
,.000576199,0
,.000584343,0
,.000584070,0
,.000596313,0
,.000632517,0
,.000651385,0
,.000580309,0
,.000575543,0
,.000572896,0
,.000575217,0
,.000582321,0
,.000578925,0
,.000581793,0
,.000575315,0
,.000576093,0
,.000580772,0
,.000683195,0
,.000580603,0
,.000580023,0
,.000627349,0
,.000609700,0
,.000567468,0
,.000580755,0
,.000573535,0
,.000623416,0
,.000610462,0
,.000575670,0
,.000626945,0
,.000573901,0
,.000679737,0
,.000640664,0
,.000574515,0
,.000593816,0
,.000577539,0
,.000574446,0
,.000667083,0
,.000576667,0
,.000610147,0
,.000572383,0
,.000572737,0
,.000722858,0
,.000575855,0
,.000577486,0
,.004729330,0
,.000597867,0
,.000616584,0
,.000590362,0
,.000588390,0
,.000600570,0
,.000591067,0
,.000589272,0
,.000586450,0
,.000581454,0
,.000579060,0
,.000591197,0
,.000589246,0
,.000618751,0
,.000583644,0
,.000589209,0
,.000587562,0
,.000586279,0
,.000585952,0
,.000580535,0
,.000579967,0
,.000589922,0
,.000579285,0
,.000585438,0
,.000588557,0
,.000592102,0
,.000593447,0
,.000582919,0
,.000590288,0
,.000595774,0
,.000580924,0
,.000591160,0
,.000586853,0
,.000586339,0
,.000587684,0
,.000584991,0
,.000582174,0
,.000612681,0
,.000587214,0
,.000587332,0
,.000583206,0
,.000587020,0
,.000582425,0
,.000584948,0
,.000589507,0
,.000618446,0
,.000588450,0
,.000588500,0
,.000582387,0
,.000632262,0
,.000590703,0
,.000580513,0
,.000587602,0
,.000597461,0
,.000624189,0
,.000579755,0
,.000589767,0
,.000585849,0
,.000584334,0
,.000595563,0
,.000587298,0
,.000584799,0
,.000592872,0
,.000586262,0
,.000591255,0
,.000583097,0
,.000588441,0
,.000620037,0
,.000585923,0
,.000589852,0
,.000590989,0
,.000590679,0
,.000592732,0
,.000591608,0
,.000584599,0
,.000586901,0
,.000586580,0
,.000609399,0
,.000585776,0
,.000586926,0
,.000587069,0
,.000604515,0
,.000595185,0
,.000592167,0
,.000588371,0
,.000588750,0
,.000581785,0
,.000586087,0
,.000588040,0
,.000590682,0
,.000592542,0
,.000584813,0
,.000589540,0
,.000582268,0
,.000586792,0
,.000657725,0
,.000603746,0
,.000581283,0
,.000581524,0
,.000615270,0
,.000625422,0
,.000593140,0
,.000583179,0
,.000572516,0
,.000583274,0
,.000645142,0
,.000601233,0
,.000585820,0
,.000587227,0
,.000585323,0
,.000586199,0
,.000582911,0
,.000593021,0
,.000608879,0
,.000587322,0
,.000602901,0
,.000583647,0
,.000584501,0
,.000590885,0
,.000583196,0
,.000581956,0
,.000587349,0
,.000586311,0
,.000592303,0
,.000583221,0
,.000587321,0
,.000618132,0
,.000581355,0
,.000592809,0
,.000583398,0
,.000588793,0
,.000591279,0
,.000591804,0
,.000588422,0
,.000585980,0
,.000580461,0
,.000635193,0
,.000592036,0
,.000580063,0
,.000584767,0
,.000582252,0
,.000595260,0
,.000584607,0
,.000584404,0
,.000586637,0
,.000589684,0
,.000628615,0
,.000582830,0
,.000599883,0
,.000588762,0
,.000583193,0
,.000637489,0
,.000607055,0
,.000588460,0
,.000592684,0
,.000582156,0
,.000588598,0
,.000585771,0
,.000603717,0
,.000591694,0
,.000582164,0
,.000580100,0
,.000592629,0
,.000590263,0
,.000595077,0
,.000588172,0
,.000594244,0
,.000582608,0
,.000584313,0
,.000604908,0
,.000617151,0
,.000585117,0
,.000584679,0
,.000593261,0
,.000597325,0
,.000592677,0
,.000581285,0
,.000589807,0
,.000596547,0
,.000583056,0
,.000583339,0
,.000598606,0
,.000630435,0
,.000585888,0
,.000589488,0
,.000585039,0
,.000603822,0
,.000656002,0
,.000577401,0
,.000581103,0
,.000590073,0
,.000594810,0
,.000597167,0
,.000590994,0
,.000571726,0
,.000587931,0
,.000589172,0
,.000628402,0
,.000583270,0
,.000586423,0
,.000587724,0
,.000607036,0
,.000585459,0
,.000585852,0
,.000585379,0
,.000609137,0
,.000588303,0
,.000591856,0
,.000609846,0
,.000587410,0
,.000582997,0
,.000578716,0
,.000584660,0
,.000587379,0
,.000585560,0
,.000607979,0
,.000585511,0
,.000591622,0
,.000592355,0
,.000593844,0
,.000593159,0
,.000582143,0
,.000596706,0
,.000588617,0
,.000588737,0
,.000588877,0
,.000585236,0
,.000586345,0
,.000590582,0
,.000628854,0
,.000585379,0
,.000583440,0
,.000588968,0
,.000631230,0
,.000595283,0
,.000582601,0
,.000590558,0
,.000587346,0
,.000634967,0
,.000586365,0
,.000583328,0
,.000626089,0
,.000588888,0
,.000593138,0
,.000588183,0
,.000584751,0
,.000586492,0
,.000587275,0
,.000607549,0
,.000587999,0
,.000593580,0
,.000603976,0
,.000586486,0
,.000589879,0
,.000586614,0
,.000589685,0
,.000596874,0
,.000580862,0
,.000587733,0
,.000582535,0
,.000587836,0
,.000593656,0
,.000590363,0
,.000585865,0
,.000582611,0
,.000600028,0
,.000590265,0
,.000585715,0
,.000619083,0
,.000587649,0
,.000582218,0
,.000591699,0
,.000620493,0
,.000585683,0
,.000582349,0
,.000580741,0
,.000584199,0
,.000590365,0
,.000590120,0
,.000666862,0
,.000591605,0
,.000586212,0
,.000582081,0
,.000584863,0
,.000637205,0
,.000592730,0
,.000614964,0
,.000588983,0
,.000584058,0
,.000628225,0
,.000580281,0
,.000583289,0
,.000617119,0
,.000589193,0
,.000588346,0
,.000590324,0
,.000579103,0
,.000616965,0
,.000585230,0
,.000589737,0
,.000587107,0
,.000585026,0
,.000587433,0
,.000582566,0
,.000588487,0
,.000591108,0
,.000585207,0
,.000590825,0
,.000597124,0
,.000595156,0
,.000588870,0
,.000591545,0
,.000592819,0
,.000586169,0
,.000579973,0
,.000586930,0
,.000584508,0
,.000585670,0
,.000582277,0
,.000587087,0
,.000614947,0
,.000587402,0
,.000586982,0
,.000588334,0
,.000589951,0
,.000627247,0
,.000585204,0
,.000582506,0
,.000591690,0
,.000590552,0
,.000589247,0
,.000588482,0
,.000592548,0
,.000589798,0
,.000588561,0
,.000581746,0
,.000588429,0
,.000605422,0
,.000582169,0
,.000582935,0
,.000585887,0
,.000589349,0
,.000578799,0
,.000602551,0
,.000583127,0
,.000585820,0
,.000591518,0
,.000590970,0
,.000615389,0
,.000585307,0
,.000585886,0
,.000587997,0
,.000619593,0
,.000590378,0
,.000587867,0
,.000591320,0
,.000580421,0
,.000586537,0
,.000594737,0
,.000641261,0
,.000582120,0
,.000596710,0
,.000588307,0
,.000586362,0
,.000590559,0
,.000590394,0
,.000590672,0
,.000588204,0
,.000589458,0
,.000585139,0
,.000584842,0
,.000610486,0
,.000603240,0
,.000592793,0
,.000586687,0
,.000583142,0
,.000628207,0
,.000614245,0
,.000587309,0
,.000588839,0
,.000583857,0
,.000594543,0
,.002805129,0
,.000601935,0
,.000618025,0
,.000609030,0
,.000604520,0
,.000604653,0
,.000599325,0
,.000612192,0
,.000609150,0
,.000606385,0
,.000606873,0
,.000607601,0
,.000614147,0
,.000600706,0
,.000601589,0
,.000603131,0
,.000601815,0
,.000612302,0
,.000605168,0
,.000599345,0
,.000599039,0
,.000602229,0
,.000594903,0
,.000600169,0
,.000610829,0
,.000602516,0
,.000591470,0
,.000614936,0
,.000607738,0
,.000608881,0
,.000604194,0
,.000608132,0
,.000603312,0
,.000611516,0
,.000602462,0
,.000603555,0
,.000604728,0
,.000610985,0
,.000604640,0
,.000651088,0
,.000647416,0
,.000603219,0
,.000613128,0
,.000607446,0
,.000616037,0
,.000609190,0
,.000640626,0
,.000700830,0
,.000616314,0
,.000604227,0
,.000603725,0
,.000601518,0
,.000606695,0
,.000604052,0
,.000601080,0
,.000606268,0
,.000605833,0
,.000604484,0
,.000606553,0
,.000603644,0
,.000605829,0
,.000607354,0
,.000610503,0
,.000607347,0
,.000609765,0
,.003497773,0
,.000598617,0
,.000610193,0
,.000611954,0
,.000615240,0
,.000614661,0
,.000612910,0
,.003151579,0
,.000652804,0
,.000614999,0
,.000615429,0
,.000615699,0
,.000615066,0
,.000620325,0
,.000618169,0
,.000654090,0
,.000618119,0
,.000616600,0
,.000621079,0
,.000616844,0
,.000682207,0
,.000611422,0
,.000615008,0
,.000615692,0
,.000612156,0
,.000699617,0
,.000619146,0
,.000623247,0
,.000614755,0
,.000617772,0
,.000623603,0
,.000617500,0
,.000620726,0
,.000618470,0
,.000620325,0
,.000611740,0
,.000610520,0
,.000630523,0
,.000610698,0
,.000607088,0
,.000611197,0
,.000615159,0
,.000626756,0
,.000619498,0
,.000618232,0
,.000607257,0
,.000624241,0
,.000624499,0
,.000614882,0
,.000612543,0
,.000615449,0
,.000612877,0
,.000621496,0
,.000620107,0
,.000618326,0
,.000612960,0
,.000615878,0
,.000621821,0
,.000620584,0
,.000608196,0
,.000611519,0
,.000614750,0
,.000619235,0
,.000611470,0
,.000619521,0
,.000620962,0
,.000616358,0
,.000619506,0
,.000612459,0
,.000616879,0
,.000621144,0
,.000618828,0
,.000616117,0
,.000613322,0
,.000623774,0
,.000614529,0
,.000613343,0
,.000606504,0
,.000617589,0
,.000666891,0
,.000612571,0
,.000618251,0
,.000624547,0
,.000613463,0
,.000620357,0
,.000621197,0
,.000617969,0
,.000616643,0
,.000618209,0
,.000623143,0
,.000618085,0
,.000618251,0
,.000607657,0
,.000610905,0
,.000618535,0
,.000618306,0
,.000625972,0
,.000616648,0
,.000620748,0
,.000617298,0
,.000614308,0
,.000623497,0
,.000615694,0
,.000617186,0
,.000622325,0
,.000612643,0
,.000654889,0
,.000617470,0
,.000611108,0
,.000622365,0
,.000622051,0
,.000653022,0
,.000611991,0
,.000619002,0
,.000623593,0
,.000618196,0
,.000679911,0
,.000619431,0
,.000619996,0
,.000611416,0
,.000612480,0
,.000621458,0
,.000613036,0
,.000609837,0
,.000616805,0
,.000613753,0
,.000621825,0
,.000619350,0
,.000619903,0
,.000610123,0
,.000615160,0
,.000604913,0
,.000617058,0
,.000625037,0
,.000623081,0
,.000617529,0
,.000612571,0
,.000620668,0
,.000634392,0
,.000617244,0
,.000615134,0
,.000617824,0
,.000616026,0
,.000621547,0
,.000609215,0
,.000617527,0
,.000613222,0
,.000610253,0
,.000612028,0
,.000608950,0
,.000612933,0
,.000608284,0
,.000614195,0
,.000619909,0
,.000607664,0
,.000614642,0
,.000614246,0
,.000618831,0
,.000617444,0
,.000620934,0
,.000653696,0
,.000611908,0
,.000609289,0
,.000615959,0
,.000612175,0
,.000616767,0
,.000619038,0
,.000617057,0
,.000608541,0
,.000614154,0
,.000653416,0
,.000617953,0
,.000615647,0
,.000620103,0
,.000612485,0
,.000657296,0
,.000614695,0
,.000614135,0
,.000619960,0
,.000616219,0
,.000656472,0
,.000610183,0
,.000612129,0
,.000615944,0
,.000621496,0
,.000612200,0
,.000608713,0
,.000617604,0
,.000615138,0
,.000614088,0
,.000614328,0
,.000620194,0
,.000615862,0
,.000611610,0
,.000618019,0
,.000612910,0
,.000615985,0
,.000619332,0
,.000621042,0
,.000617151,0
,.000614660,0
,.000620795,0
,.000612818,0
,.000614862,0
,.000616168,0
,.000618688,0
,.000612979,0
,.000619271,0
,.000620561,0
,.000619199,0
,.000619320,0
,.000620036,0
,.000627403,0
,.000609648,0
,.000612902,0
,.000609817,0
,.000617792,0
,.000624073,0
,.000614284,0
,.000622800,0
,.000618504,0
,.000616876,0
,.000615564,0
,.000614569,0
,.000628862,0
,.000618087,0
,.000614161,0
,.000612765,0
,.000613379,0
,.000614794,0
,.000614975,7f2df4017b20
,.000589043,0
,.000619415,0
,.000617524,0
,.000619284,0
,.000612725,0
,.000617208,0
,.000613708,0
,.000611248,0
,.000617849,0
,.000610979,0
,.000619292,0
,.000620573,0
,.000614855,0
,.000620910,0
,.000618542,0
,.000616349,0
,.000621474,0
,.000617001,0
,.000618194,0
,.000620832,0
,.000617427,0
,.000618495,0
,.000612612,0
,.000621066,0
,.000607897,0
,.000657072,0
,.000619215,0
,.000613235,0
,.000609117,0
,.000605254,0
,.000658834,0
,.000623663,0
,.000617232,0
,.000615096,0
,.000616577,0
,.000630861,0
,.000621845,0
,.000618175,0
,.000615528,0
,.000619512,0
,.000682874,0
,.000616173,0
,.000609895,0
,.000615502,0
,.000617075,0
,.000647595,0
,.000616552,0
,.000614679,0
,.000615106,0
,.000615210,0
,.000618953,0
,.000611757,0
,.000609333,0
,.000619220,0
,.000616533,0
,.000616734,0
,.000614636,0
,.000617258,0
,.000614016,0
,.000606452,0
,.000622922,0
,.000619326,0
,.000617869,0
,.000619978,0
,.000611946,0
,.000614272,0
,.000616669,0
,.000617209,0
,.000613513,0
,.000612159,0
,.000608703,0
,.000619821,0
,.000620526,0
,.000614579,0
,.000618529,0
,.000619119,0
,.000609927,0
,.000611255,0
,.000617800,0
,.000615137,0
,.000616647,0
,.000610540,0
,.000612654,0
,.000615140,0
,.000610612,0
,.000619391,0
,.000618057,0
,.000616724,0
,.000614086,0
,.000681908,0
,.000619780,0
,.000617639,0
,.000604989,0
,.000611025,0
,.000647890,0
,.000615982,0
,.000620424,0
,.000611901,0
,.000615114,0
,.000658208,0
,.000615996,0
,.000613559,0
,.000622100,0
,.000617199,0
,.000661212,0
,.000613444,0
,.000620180,0
,.000620196,0
,.000610203,0
,.000659618,0
,.000614139,0
,.000620258,0
,.000619416,0
,.000611113,0
,.000615098,0
,.000615849,0
,.000628818,0
,.000617676,0
,.000618755,0
,.000615817,0
,.000615467,0
,.000623074,0
,.000607823,0
,.000617728,0
,.000625644,0
,.000617620,0
,.000623801,0
,.000612070,0
,.000620325,0
,.000617599,0
,.000616242,0
,.000617235,0
,.000614171,0
,.000613890,0
,.000617477,0
,.000618788,0
,.000620694,0
,.000612143,0
,.000620508,0
,.000616399,0
,.000615076,0
,.000617722,0
,.000620166,0
,.000616299,0
,.000616967,0
,.000616050,0
,.000617576,0
,.000613118,0
,.000674550,0
,.000618496,0
,.000613100,0
,.000624052,0
,.000618797,0
,.000656302,0
,.000614824,0
,.000615160,0
,.000609753,0
,.000611218,0
,.000658324,0
,.000619629,0
,.000617058,0
,.000614381,0
,.000617557,0
,.000651359,0
,.000611851,0
,.000614591,0
,.000622258,0
,.000613700,0
,.000658883,0
,.000615348,0
,.000619581,0
,.000615619,0
,.000616991,0
,.000616033,0
,.000615822,0
,.000626373,0
,.000615510,0
,.000616245,0
,.000618422,0
,.000610800,0
,.000618349,0
,.000617724,0
,.000621272,0
,.000616541,0
,.000618489,0
,.000619496,0
,.000612728,0
,.000602293,0
,.000623858,0
,.000617457,0
,.000621006,0
,.000608687,0
,.000606051,0
,.000612433,0
,.000618155,0
,.000622004,0
,.000619651,0
,.000612889,0
,.000618896,0
,.000617762,0
,.000611117,0
,.000612060,0
,.000611982,0
,.000616107,0
,.000619457,0
,.000612771,0
,.000616710,0
,.000624480,0
,.000627316,0
,.000617409,0
,.000609669,0
,.000622034,0
,.000654874,0
,.000613253,0
,.000612949,0
,.000622620,0
,.000614805,0
,.000651648,0
,.000618560,0
,.000612534,0
,.000618750,0
,.000618823,0
,.000679585,0
,.000612588,0
,.000611421,0
,.000612128,0
,.000619877,0
,.000620563,0
,.000613979,0
,.000625217,0
,.000616229,0
,.000611779,0
,.000615806,0
,.000612512,0
,.000614809,0
,.000606594,0
,.000598228,0
,.000601885,0
,.000599095,0
,.000600828,0
,.000601450,0
,.000603742,0
,.000611784,0
,.000606390,0
,.000598160,0
,.000606026,0
,.000599824,0
,.000601824,0
,.000597947,0
,.000606085,0
,.000608277,0
,.000600164,0
,.000609312,0
,.000601130,0
,.000602104,0
,.000607087,0
,.000605768,0
,.000676910,0
,.000607102,0
,.000601662,0
,.000601366,0
,.000604644,0
,.000607046,0
,.000608038,0
,.000605831,0
,.000614206,0
,.000602383,0
,.000619800,0
,.000607560,0
,.000605529,0
,.000606923,0
,.000605763,0
,.000603438,0
,.000600501,0
,.000605411,0
,.000598492,0
,.000611934,0
,.000645036,0
,.000603299,0
,.000606790,0
,.000613883,0
,.000602293,0
,.000647245,0
,.000605966,0
,.000604725,0
,.000605715,0
,.000610792,0
,.000610895,0
,.000604815,0
,.000599855,0
,.000614149,0
,.000615610,0
,.000618484,0
,.000613749,0
,.002890513,0
,.000623144,0
,.000612881,0
,.000621678,0
,.000615247,0
,.000614563,0
,.000624849,0
,.000618000,0
,.000616105,0
,.000621116,0
,.000614071,0
,.000622313,0
,.000624193,0
,.000621042,0
,.000612423,0
,.000612973,0
,.000611550,0
,.000617806,0
,.000624075,0
,.000623990,0
,.000616622,0
,.000612838,0
,.000622944,0
,.000678086,0
,.000617904,0
,.000622604,0
,.000614612,0
,.000615931,0
,.000679618,0
,.000617167,0
,.000615933,0
,.000607983,0
,.000613711,0
,.000685076,0
,.000609752,0
,.000614565,0
,.000613923,0
,.000622509,0
,.000617720,0
,.000622833,0
,.000618423,0
,.000615368,0
,.000608787,0
,.000621376,0
,.000617375,0
,.000615322,0
,.000617945,0
,.000615188,0
,.000619155,0
,.000618962,0
,.000617669,0
,.000621234,0
,.000600564,0
,.000653895,0
,.000609166,0
,.000644524,0
,.000608871,0
,.000611733,0
,.000608755,0
,.000614937,0
,.000619320,0
,.000622583,0
,.000615922,0
,.000607667,0
,.000653827,0
,.000608714,0
,.000608589,0
,.000647745,0
,.000614007,0
,.000621618,0
,.000620040,0
,.000617091,0
,.000655473,0
,.000617431,0
,.000612224,0
,.000612732,0
,.000620341,0
,.000619891,0
,.000612683,0
,.000616969,0
,.000619091,0
,.000611635,0
,.000616099,0
,.000618342,0
,.000691228,0
,.000619506,0
,.000614602,0
,.000613488,0
,.000622877,0
,.000694935,0
,.000613443,0
,.000618564,0
,.000613599,0
,.000617187,0
,.000703941,0
,.000616816,0
,.000619006,0
,.000610884,0
,.000611848,0
,.000611898,0
,.000616650,0
,.000617846,0
,.000612886,0
,.000614595,0
,.000619427,0
,.000615967,0
,.000648522,0
,.000619757,0
,.000607830,0
,.000619198,0
,.000610273,0
,.000610558,0
,.000618636,0
,.000619959,0
,.000602233,0
,.000617161,0
,.000680703,0
,.000618147,0
,.000620503,0
,.000616257,0
,.000614462,0
,.000626065,0
,.000610179,0
,.000608769,0
,.000619686,0
,.000619644,0
,.000619288,0
,.000615147,0
,.000623773,0
,.000614198,0
,.000610654,0
,.000624109,0
,.000614912,0
,.000623981,0
,.000612474,0
,.000610789,0
,.000607052,0
,.000618043,0
,.000620488,0
,.000623368,0
,.000613172,0
,.000611057,0
,.000618070,0
,.000619113,0
,.000619108,0
,.000611951,0
,.000614450,0
,.000613036,0
,.000624900,0
,.000620779,0
,.000614116,0
,.000613208,0
,.000615820,0
,.000619049,0
,.000618230,0
,.000657667,0
,.000619357,0
,.000617747,0
,.000607617,0
,.000621535,0
,.000655737,0
,.000613713,0
,.000612546,0
,.000615158,0
,.000607786,0
,.000652289,0
,.000617951,0
,.000618257,0
,.000608961,0
,.000621089,0
,.000638363,0
,.000618530,0
,.000619805,0
,.000611676,0
,.000615052,0
,.000653651,0
,.000609338,0
,.000615182,0
,.000615257,0
,.000617233,0
,.000661124,0
,.000615735,0
,.000609052,0
,.000609843,0
,.000623095,0
,.000617681,0
,.000621750,0
,.000615170,0
,.000616474,0
,.000615264,0
,.000614155,0
,.000611827,0
,.000634570,0
,.000615158,0
,.000617179,0
,.000614745,0
,.000617345,0
,.000598372,0
,.000613392,0
,.000613711,0
,.000618621,0
,.000609972,0
,.000615936,0
,.000619282,0
,.000612110,0
,.000613406,0
,.000612295,0
,.000615381,0
,.000616337,0
,.000624965,0
,.000611907,0
,.000614786,0
,.000618739,0
,.000612009,0
,.000617881,0
,.000618870,0
,.000613809,0
,.000615078,0
,.000613636,0
,.000616648,0
,.000617688,0
,.000621771,0
,.000616421,0
,.000619786,0
,.000651569,0
,.000615438,0
,.000621799,0
,.000622396,0
,.000621733,0
,.000683151,0
,.000615589,0
,.000615384,0
,.000617388,0
,.000614710,0
,.000635661,0
,.000618642,0
,.000620352,0
,.000624668,0
,.000614500,0
,.000621862,0
,.000615405,0
,.000615127,0
,.000615988,0
,.000608289,0
,.000656110,0
,.000605049,0
,.000613140,0
,.000619073,0
,.000607000,0
,.000614277,0
,.000620104,0
,.000617039,0
,.000610666,0
,.000620598,0
,.000623854,0
,.000614699,0
,.000619885,0
,.000613646,0
,.000613344,0
,.000620128,0
,.000613444,0
,.000622495,0
,.000613584,0
,.000613408,0
,.000615037,0
,.000618041,0
,.000632132,0
,.000610727,0
,.000616758,0
,.000614360,0
,.000616717,0
,.000624418,0
,.000617136,0
,.000619528,0
,.000619881,0
,.000606803,0
,.000617261,0
,.000614226,0
,.000614143,0
,.000620456,0
,.000613614,0
,.000623141,0
,.000610306,0
,.000614331,0
,.000613942,0
,.000614966,0
,.000614729,0
,.000620248,0
,.000658750,0
,.000621910,0
,.000613705,0
,.000625904,0
,.000615766,0
,.000649754,0
,.000605261,0
,.000616305,0
,.000615053,0
,.000614590,0
,.000592726,0
,.000618189,0
,.000621137,0
,.000627955,0
,.000622817,0
,.000680501,0
,.000615918,0
,.000617920,0
,.000617605,0
,.000613958,0
,.000620661,0
,.000606764,0
,.000609713,0
,.000606941,0
,.000612967,0
,.000622450,0
,.000616362,0
,.000622356,0
,.000620686,0
,.000616321,0
,.000615610,0
,.000623697,0
,.000623249,0
,.000619600,0
,.000618423,0
,.000611629,0
,.000609986,0
,.000610080,0
,.000617794,0
,.000607443,0
,.000610219,0
,.000603219,0
,.000614738,0
,.000614282,0
,.000616393,0
,.000616999,0
,.000615911,0
,.000626109,0
,.000613419,0
,.000607825,0
,.000609631,0
,.000615926,0
,.000621616,0
,.000615527,0
,.000620647,0
,.000611815,0
,.000621780,0
,.000619381,0
,.000616766,0
,.000660795,0
,.000607615,0
,.000621013,0
,.000612151,0
,.000615180,0
,.000678870,0
,.000616205,0
,.000617651,0
,.000618162,0
,.000622897,0
,.000649632,0
,.000616892,0
,.000618999,0
,.000610441,0
,.000624041,0
,.000660976,0
,.000614491,0
,.000612416,0
,.000611435,0
,.000608877,0
,.000616632,0
,.000610867,0
,.000609370,0
,.000619503,0
,.000616833,0
,.000662334,0
,.000622957,0
,.000605272,0
,.000614977,0
,.000610601,0
,.000624956,0
,.000616102,0
,.000618466,0
,.000616911,0
,.000615098,0
,.000619825,0
,.000615215,0
,.000617484,0
,.000612261,0
,.000617140,0
,.000617815,0
,.000619088,0
,.000621830,0
,.000622190,0
,.000612793,0
,.000611193,0
,.000614514,0
,.000610746,0
,.000617458,0
,.000615294,0
,.000617548,0
,.000608114,0
,.000615193,0
,.000608171,0
,.000619366,0
,.000616390,0
,.000624428,0
,.000623482,0
,.000612528,0
,.000608003,0
,.000615249,0
,.000619000,0
,.000615379,0
,.000618233,0
,.000621659,0
,.000617798,0
,.000615650,0
,.000617453,0
,.000627178,0
,.000654581,0
,.000616015,0
,.000606453,0
,.000620203,0
,.000614383,0
,.000621260,0
,.000620413,0
,.000610983,0
,.000618487,0
,.000622124,0
,.000661368,0
,.000620200,0
,.000615356,0
,.000605276,0
,.000618111,0
,.000675764,0
,.000604937,0
,.000623733,0
,.000614830,0
,.000611025,0
,.000621441,0
,.000605261,0
,.000619639,0
,.000618428,0
,.000615726,0
,.000620507,0
,.000614218,0
,.000616457,0
,.000615228,0
,.000625318,0
,.000615473,0
,.000609805,0
,.000618268,0
,.000614379,0
,.000620314,0
,.000620088,0
,.000615316,0
,.000633308,0
,.000612935,0
,.000620252,0
,.000612385,0
,.000611807,0
,.000617649,0
,.000617777,0
,.000618110,0
,.000614334,0
,.000607442,0
,.000611636,0
,.000620518,0
,.000600531,0
,.000604903,0
,.000613496,0
,.000608281,0
,.000598927,0
,.000606983,0
,.000597774,0
,.000606599,0
,.000631173,0
,.000617503,0
,.000621496,0
,.000611124,0
,.000615142,0
,.000618192,0
,.000610604,0
,.000610103,0
,.000623968,0
,.000618866,0
,.000625285,0
,.000618344,0
,.000618191,0
,.000613601,0
,.000608540,0
,.000621020,0
,.000619868,0
,.000607854,0
,.000610137,0
,.000613818,0
,.000623580,0
,.000621137,0
,.000614876,0
,.000613774,0
,.000616507,0
,.000623600,0
,.000617908,0
,.000624731,0
,.000616958,0
,.000604885,0
,.000619659,0
,.000619691,0
,.000617759,0
,.000620942,0
,.000623958,0
,.000620606,0
,.000620472,0
,.000617318,0
,.000612890,0
,.000610360,0
,.000613319,0
,.000610258,0
,.000638203,0
,.000623400,0
,.000625437,0
,.000620946,0
,.000616707,0
,.000634240,0
,.000621086,0
,.000616920,0
,.000610685,0
,.000614786,0
,.000618466,0
,.000615720,0
,.000613055,0
,.000603347,0
,.000619215,0
,.000619930,0
,.000614950,0
,.000659199,0
,.000623400,0
,.000615453,0
,.000619323,0
,.000620975,0
,.000651799,0
,.000614596,0
,.000617943,0
,.000613768,0
,.000617422,0
,.000645671,0
,.000620892,0
,.000620251,0
,.000617660,0
,.000612718,0
,.000651662,0
,.000613206,0
,.000615057,0
,.000615842,0
,.000618238,0
,.000659027,0
,.000621541,0
,.000623924,0
,.000612434,0
,.000616225,0
,.000624247,0
,.000620025,0
,.000620384,0
,.000619918,0
,.000606755,0
,.000624415,0
,.000616156,0
,.000619620,0
,.000622361,0
,.000619255,0
,.000621681,0
,.000622708,0
,.000626879,0
,.000618366,0
,.000623080,0
,.000616228,0
,.000612942,0
,.000627670,0
,.000614129,0
,.000620160,0
,.000618343,0
,.000608545,0
,.000620892,0
,.000617915,0
,.000610683,0
,.000611119,0
,.000612840,0
,.000611576,0
,.000627447,0
,.000619199,0
,.000614079,0
,.000609384,0
,.000616435,0
,.000614808,0
,.000618306,0
,.000615853,0
,.000592799,0
,.000612386,0
,.000615780,0
,.000621034,0
,.000624921,0
,.000612629,0
,.000611356,0
,.000604967,0
,.000618244,0
,.000610993,0
,.000620204,0
,.000617159,0
,.000615306,0
,.000625810,0
,.000617164,0
,.000614732,0
,.000617958,0
,.000616191,0
,.000656176,0
,.000615429,0
,.000618687,0
,.000618935,0
,.000622863,0
,.000617442,0
,.000611241,0
,.000609975,0
,.000617715,0
,.000612297,0
,.000620208,0
,.000618369,0
,.000621159,0
,.000616286,0
,.000614496,0
,.000610185,0
,.000607470,0
,.000630762,0
,.000622219,0
,.000608902,0
,.000615943,0
,.000613465,0
,.000634406,0
,.000616723,0
,.000616962,0
,.000608756,0
,.000624882,0
,.000625670,0
,.000612634,0
,.000610542,0
,.000621551,0
,.000614823,0
,.000628829,0
,.000613250,0
,.000616563,0
,.000619686,0
,.000610583,0
,.000615325,0
,.000618026,0
,.000615572,0
,.000615884,0
,.000613731,0
,.000627400,0
,.000616296,0
,.000622537,0
,.000610578,0
,.000619716,0
,.000620936,0
,.000617565,0
,.000691365,0
,.000612486,0
,.000621192,0
,.000620405,0
,.000641560,0
,.000773192,0
,.000625138,0
,.000619523,0
,.000617512,0
,.000618135,0
,.000619704,0
,.000614650,0
,.000644465,0
,.000618191,0
,.000616092,0
,.000618570,0
,.000670087,0
,.000670462,0
,.000614392,0
,.000619567,0
,.000617172,0
,.000611231,0
,.000636149,0
,.000611276,0
,.000610581,0
,.000616283,0
,.000610029,0
,.000622729,0
,.000621093,0
,.000648853,0
,.000615645,0
,.000621111,0
,.000618125,0
,.000615559,0
,.000728087,0
,.000611752,0
,.000612496,0
,.000615977,0
,.000620029,0
,.000660619,0
,.000617188,0
,.000610047,0
,.000616992,0
,.000623320,0
,.000622858,0
,.000618683,0
,.000619652,0
,.000617808,0
,.000607801,0
,.000608179,0
,.000611696,0
,.000647532,0
,.000607677,0
,.000622227,0
,.000615937,0
,.000620281,0
,.000665439,0
,.000613729,0
,.000615096,0
,.000620284,0
,.000617899,0
,.000646999,0
,.000609266,0
,.000612950,0
,.000603619,0
,.000605509,0
,.000609760,0
,.000611786,0
,.000602439,0
,.000603354,0
,.000603816,0
,.000608067,0
,.000601567,0
,.000636380,0
,.000608749,0
,.000595519,0
,.000608670,0
,.000603256,0
,.000604040,0
,.000595985,0
,.000607609,0
,.000608909,0
,.000605835,0
,.000598735,0
,.000607353,0
,.000597587,0
,.000602197,0
,.000605297,0
,.000600675,0
,.000603735,0
,.000606853,0
,.000603286,0
,.000606460,0
,.000606803,0
,.000603231,0
,.000603430,0
,.000590550,0
,.000604833,0
,.000607750,0
,.000600705,0
,.000601401,0
,.000610145,0
,.000609709,0
,.000600775,0
,.000604315,0
,.000599354,0
,.000618631,0
,.000596897,0
,.000605536,0
,.000606804,0
,.000603773,0
,.000617412,0
,.000593159,0
,.000601858,0
,.000611232,0
,.000607086,0
,.000620105,0
,.000603732,0
,.000602167,0
,.000605483,0
,.000588277,0
,.000615486,0
,.000609224,0
,.000608462,0
,.000605344,0
,.000595705,0
,.000608665,0
,.000605777,0
,.000603654,0
,.000607660,0
,.000603039,0
,.000609764,0
,.000599714,0
,.000567125,0
,.000600990,0
,.000606023,0
,.000620570,0
,.000612825,0
,.000604246,0
,.000604704,0
,.000609645,0
,.000603733,0
,.000607128,0
,.000602943,0
,.000599959,0
,.000611178,0
,.000595477,0
,.000604013,0
,.000599179,0
,.000602265,0
,.000607132,0
,.000603437,0
,.000604673,0
,.000602633,0
,.000601175,0
,.000602613,0
,.000607393,0
,.000611559,0
,.000606017,0
,.000607947,0
,.000603722,0
,.000612023,0
,.000598086,0
,.000604861,0
,.000605522,0
,.000601641,0
,.000613892,0
,.000598331,0
,.000606819,0
,.000603393,0
,.000597182,0
,.000613082,0
,.000604654,0
,.000602140,0
,.000604457,0
,.000574518,0
,.000607663,0
,.000601502,0
,.000610049,0
,.000608206,0
,.000605092,0
,.000610973,0
,.000605832,0
,.000606725,0
,.000602813,0
,.000610796,0
,.000607596,0
,.000604078,0
,.000606543,0
,.000609354,0
,.000603023,0
,.000601251,0
,.000605885,0
,.000602912,0
,.000607478,0
,.000604682,0
,.000605662,0
,.000603718,0
,.001078719,0
,.000661474,0
,.000618509,0
,.000618096,0
,.000617348,0
,.000607937,0
,.000617338,0
,.000618051,0
,.000610147,0
,.000624331,0
,.000611017,0
,.000619558,0
,.000612657,0
,.000619155,0
,.000618120,0
,.000619784,0
,.000613715,0
,.000617129,0
,.000625149,0
,.000621799,0
,.000622339,0
,.000620367,0
,.000625092,0
,.000624084,0
,.000612061,0
,.000619109,0
,.000611943,0
,.000613774,0
,.000589967,0
,.000615030,0
,.000616482,0
,.000621383,0
,.000615601,0
,.000618740,0
,.000614428,0
,.000621203,0
,.000613303,0
,.000618487,0
,.000623347,0
,.000613993,0
,.000618636,0
,.000615646,0
,.000614327,0
,.000615814,0
,.000611907,0
,.000617364,0
,.000619819,0
,.000610452,0
,.000612451,0
,.000612603,0
,.000614938,0
,.000615901,0
,.000611242,0
,.000615285,0
,.000618050,0
,.000618713,0
,.000619959,0
,.000621647,0
,.000614019,0
,.000618715,0
,.000611375,0
,.000616465,0
,.000611141,0
,.000614547,0
,.000618477,0
,.000623545,0
,.000620727,0
,.000611569,0
,.000611666,0
,.000615101,0
,.000617095,0
,.000625062,0
,.000619952,0
,.000617443,0
,.000614629,0
,.000613675,0
,.000609874,0
,.000611992,0
,.000611225,0
,.000618369,0
,.000618132,0
,.000616411,0
,.000680541,0
,.000611232,0
,.000608708,0
,.000611375,0
,.000616362,0
,.000650212,0
,.000616291,0
,.000620739,0
,.000613669,0
,.000613974,0
,.000624681,0
,.000606227,0
,.000611496,0
,.000618283,0
,.000611122,0
,.000655179,0
,.000622116,0
,.000615578,0
,.000618692,0
,.000619918,0
,.000658221,0
,.000615281,0
,.000621055,0
,.000613623,0
,.000620439,0
,.000617829,0
,.000612476,0
,.000616191,0
,.000620417,0
,.000612644,0
,.000617280,0
,.000618550,0
,.000648617,0
,.000620056,0
,.000617590,0
,.000619599,0
,.000611875,0
,.000624601,0
,.000625258,0
,.000619344,0
,.000612123,0
,.000617082,0
,.000618711,0
,.000615353,0
,.000614542,0
,.000615266,0
,.000601471,0
,.000612521,0
,.000600857,0
,.000598603,0
,.000604022,0
,.000602955,0
,.000608041,0
,.000605698,0
,.000605000,0
,.000603611,0
,.000606514,0
,.000611062,0
,.000607127,0
,.000602648,0
,.000598915,0
,.000595453,0
,.000609700,0
,.000607196,0
,.000599305,0
,.000603280,0
,.000602511,0
,.000581768,0
,.000599698,0
,.000604957,0
,.000609567,0
,.000609252,0
,.000615378,0
,.000610305,0
,.000602126,0
,.000602939,0
,.000608704,0
,.000613256,0
,.000602868,0
,.000603916,0
,.000610412,0
,.000606710,0
,.000608501,0
,.000597768,0
,.000606897,0
,.000609648,0
,.000592249,0
,.000610772,0
,.000602152,0
,.000600335,0
,.000608371,0
,.000608334,0
,.000606434,0
,.000599819,0
,.000603533,0
,.000606854,0
,.000607884,0
,.000612644,0
,.000606885,0
,.000613558,0
,.000608377,0
,.000603157,0
,.000608503,0
,.000602346,0
,.000606336,0
,.000607059,0
,.000594373,0
,.000615380,0
,.000608377,0
,.000606069,0
,.000599859,0
,.000601930,0
,.000598752,0
,.000610203,0
,.000602977,0
,.000606532,0
,.000611424,0
,.000605718,0
,.000592230,0
,.000604508,0
,.000610219,0
,.000603820,0
,.000606439,0
,.000613925,0
,.000608616,0
,.000601018,0
,.000607196,0
,.000603667,0
,.000605684,0
,.000604530,0
,.000608725,0
,.000603456,0
,.000604816,0
,.000608209,0
,.000597709,0
,.000597490,0
,.000608649,0
,.000604578,0
,.000604837,0
,.000591438,0
,.000607621,0
,.000598709,0
,.000601409,0
,.000600011,0
,.000596608,0
,.000609951,0
,.000604112,0
,.000607463,0
,.000610543,0
,.000660256,0
,.000610647,0
,.000624151,0
,.006517216,0
,.000617916,0
,.000617902,0
,.000616613,0
,.000614223,0
,.000615872,0
,.000618911,0
,.000623985,0
,.000613799,0
,.000615138,0
,.000616606,0
,.000622395,0
,.000615147,0
,.000644619,0
,.000615749,0
,.000607037,0
,.000622617,0
,.000620063,0
,.000621615,0
,.000618552,0
,.000618033,0
,.000617378,0
,.000616188,0
,.000669429,0
,.000616181,0
,.000618669,0
,.000610367,0
,.000614563,0
,.000651385,0
,.000618684,0
,.000615014,0
,.000614839,0
,.000618829,0
,.000672780,0
,.000616047,0
,.000613967,0
,.000611478,0
,.000613284,0
,.000619915,0
,.000620795,0
,.000617090,0
,.000612712,0
,.000609915,0
,.000615777,0
,.000617569,0
,.000616422,0
,.000611782,0
,.000614074,0
,.000616267,0
,.000611590,0
,.000617535,0
,.000614602,0
,.000620905,0
,.000622149,0
,.000623962,0
,.000618357,0
,.000619808,0
,.000614625,0
,.000615771,0
,.000615216,0
,.000625241,0
,.000616818,0
,.000621147,0
,.000614373,0
,.000621872,0
,.000618044,0
,.000615191,0
,.000618348,0
,.000619557,0
,.000618390,0
,.000613958,0
,.000616474,0
,.000613626,0
,.000615561,0
,.000621204,0
,.000622000,0
,.000612127,0
,.000611349,0
,.000623340,0
,.000618478,0
,.000616331,0
,.000620132,0
,.000618339,0
,.000617580,0
,.000614933,0
,.000614417,0
,.000620443,0
,.000593116,0
,.000607070,0
,.000607841,0
,.000613774,0
,.000619992,0
,.000623202,0
,.000621294,0
,.000618490,0
,.000613283,0
,.000610049,0
,.000623602,0
,.000614758,0
,.000612606,0
,.000614255,0
,.000618332,0
,.000621621,0
,.000620366,0
,.000616417,0
,.000619884,0
,.000616503,0
,.000620338,0
,.000614354,0
,.000685363,0
,.000620124,0
,.000616014,0
,.000613834,0
,.000611144,0
,.000619874,0
,.000610570,0
,.000617860,0
,.000614447,0
,.000618380,0
,.000667725,0
,.000616162,0
,.000619077,0
,.000616552,0
,.000611808,0
,.000619183,0
,.000624553,0
,.000616596,0
,.000622644,0
,.000610969,0
,.000621370,0
,.000620007,0
,.000618085,0
,.000611529,0
,.000613985,0
,.000620429,0
,.000618901,0
,.000622125,0
,.000614800,0
,.000617978,0
,.000619763,0
,.000607558,0
,.000616064,0
,.000624011,0
,.000610057,0
,.000620246,0
,.000610664,0
,.000624382,0
,.000610901,0
,.000621044,0
,.000613330,0
,.000602387,0
,.000624458,0
,.000620967,0
,.000617804,0
,.000615217,0
,.000617684,0
,.000617913,0
,.000620536,0
,.000623602,0
,.000616844,0
,.000618029,0
,.000627013,0
,.000616226,0
,.000646708,0
,.000612996,0
,.000624612,0
,.000610129,0
,.000609812,0
,.000652768,0
,.000617922,0
,.000604809,0
,.000609401,0
,.000608374,0
,.000680348,0
,.000624591,0
,.000615438,0
,.000615338,0
,.000619051,0
,.000653009,0
,.000613483,0
,.000613376,0
,.000623945,0
,.000615214,0
,.000621334,0
,.000683724,0
,.000727942,0
,.000619978,0
,.000618636,0
,.000621789,0
,.000614159,0
,.000646433,0
,.000614274,0
,.000616164,0
,.000624873,0
,.000613981,0
,.000657389,7fe2e9935580
,.000601086,0
,.000615774,0
,.000616255,0
,.000610874,0
,.000607275,0
,.000619076,0
,.000649066,0
,.000611508,0
,.000608957,0
,.000615587,0
,.000616558,0
,.000693883,0
,.000614878,0
,.000618481,0
,.000614778,0
,.000617137,0
,.000693154,0
,.000615441,0
,.000613657,0
,.000618103,0
,.000618868,0
,.000645686,0
,.000621013,0
,.000617379,0
,.000615021,0
,.000607635,0
,.000616431,0
,.000618636,0
,.000656722,0
,.000611245,0
,.000616478,0
,.000620576,0
,.000622271,0
,.000644027,0
,.000612289,0
,.000617248,0
,.000619216,0
,.000616081,0
,.000645247,0
,.000617443,0
,.000614746,0
,.000608160,0
,.000618506,0
,.000622254,0
,.000620416,0
,.000688378,0
,.000611705,0
,.000617621,0
,.000618305,0
,.000616146,0
,.000686738,0
,.000615575,0
,.000609644,0
,.000623238,0
,.000619873,0
,.000717864,0
,.000615013,0
,.000615380,0
,.000621516,0
,.000606920,0
,.000622388,0
,.000620978,0
,.000617212,0
,.000616659,0
,.000616116,0
,.000612609,0
,.000608611,0
,.000615352,0
,.000607994,0
,.000615592,0
,.000616146,0
,.000615310,0
,.000621712,0
,.000616703,0
,.000614901,0
,.000619452,0
,.000620061,0
,.000620830,0
,.000615282,0
,.000621904,0
,.000606501,0
,.000619185,0
,.000622339,0
,.000612136,0
,.000606668,0
,.000615647,0
,.000615404,0
,.000622289,0
,.000621605,0
,.000621414,0
,.000615345,0
,.000620582,0
,.000612002,0
,.000619396,0
,.000612745,0
,.000617647,0
,.000612403,0
,.000620516,0
,.000613432,0
,.000621351,0
,.000617387,0
,.000607586,0
,.000621896,0
,.000619084,0
,.000623062,0
,.000617350,0
,.000619307,0
,.000615402,0
,.000615488,0
,.000613521,0
,.000610867,0
,.000617031,0
,.000611792,0
,.000613263,0
,.000623677,0
,.000615777,0
,.000620180,0
,.000616098,0
,.000612986,0
,.000617346,0
,.000613847,0
,.000620985,0
,.000614212,0
,.000614170,0
,.000611325,0
,.000609680,0
,.000614217,0
,.000616882,0
,.000614596,0
,.000626570,0
,.000620213,0
,.000650622,0
,.000605770,0
,.000608660,0
,.000615536,0
,.000620762,0
,.000651141,0
,.000613990,0
,.000616347,0
,.000624082,0
,.000619410,0
,.000627896,0
,.000614639,0
,.000611406,0
,.000617964,0
,.000618559,0
,.000682313,0
,.000617057,0
,.000614127,0
,.000612671,0
,.000606627,0
,.000644127,0
,.000614703,0
,.000614592,0
,.000617958,0
,.000615724,0
,.000621329,0
,.000618544,0
,.000615037,0
,.000614155,0
,.000615096,0
,.000617171,0
,.000613272,0
,.000617529,0
,.000614352,0
,.000617828,0
,.000617915,0
,.000611376,0
,.000618673,0
,.000613093,0
,.000619782,0
,.000612514,0
,.000624006,0
,.000596139,0
,.000616438,0
,.000613944,0
,.000615838,0
,.000617958,0
,.000615447,0
,.000611862,0
,.000617583,0
,.000588295,0
,.000615932,0
,.000626607,0
,.000616707,0
,.000610118,0
,.000615613,0
,.000609447,0
,.000621769,0
,.000615956,0
,.000618504,0
,.000619536,0
,.000616876,0
,.000611522,0
,.000618345,0
,.000660857,0
,.000620310,0
,.000616580,0
,.000612383,0
,.000609373,0
,.000656153,0
,.000618364,0
,.000614923,0
,.000619608,0
,.000623208,0
,.000657175,0
,.000615893,0
,.000620611,0
,.000601743,0
,.000612228,0
,.000652612,0
,.000621413,0
,.000618579,0
,.000618694,0
,.000625980,0
,.000619282,0
,.000622520,0
,.000616049,0
,.000609442,0
,.000613809,0
,.000610568,0
,.000619569,0
,.000619544,0
,.000618863,0
,.000602722,0
,.000605870,0
,.000610160,0
,.000606046,0
,.000603225,0
,.000603752,0
,.000602133,0
,.000607268,0
,.000599996,0
,.000597188,0
,.000606377,0
,.000604431,0
,.000608457,0
,.000602129,0
,.000605465,0
,.000603227,0
,.000606352,0
,.000603105,0
,.000605533,0
,.000607037,0
,.000605805,0
,.000604378,0
,.000596976,0
,.000605299,0
,.000601261,0
,.000599800,0
,.000605257,0
,.000602468,0
,.000603856,0
,.000601449,0
,.000604613,0
,.000600255,0
,.000600510,0
,.000603865,0
,.000616854,0
,.000614699,0
,.000613086,0
,.000614679,0
,.003305568,0
,.000622867,0
,.000621489,0
,.000614877,0
,.000615387,0
,.000620441,0
,.000614153,0
,.000622340,0
,.000624185,0
,.000613313,0
,.000612950,0
,.000623970,0
,.000614784,0
,.000648157,0
,.000616529,0
,.000613432,0
,.000618460,0
,.000619244,0
,.000649631,0
,.000618598,0
,.000617461,0
,.000614298,0
,.000616465,0
,.000663260,0
,.000617429,0
,.000613258,0
,.000620528,0
,.000610357,0
,.000648265,0
,.000622731,0
,.000619302,0
,.000616903,0
,.000626655,0
,.000627055,0
,.000617548,0
,.000615252,0
,.000615412,0
,.000616643,0
,.000621815,0
,.000617814,0
,.000615256,0
,.000615416,0
,.000616943,0
,.000617112,0
,.000614561,0
,.000619649,0
,.000613172,0
,.000615796,0
,.000616969,0
,.000612695,0
,.000607063,0
,.000617274,0
,.000617409,0
,.000613404,0
,.000617195,0
,.000620904,0
,.000612513,0
,.000609029,0
,.000611597,0
,.000615107,0
,.000620868,0
,.000615336,0
,.000620412,0
,.000615996,0
,.000624105,0
,.000618082,0
,.000617617,0
,.000614265,0
,.000619594,0
,.000616036,0
,.000616825,0
,.000611212,0
,.000652459,0
,.000616323,0
,.000609354,0
,.000620594,0
,.000611068,0
,.000652805,0
,.000621934,0
,.000617761,0
,.000618051,0
,.000625378,0
,.000661551,0
,.000615012,0
,.000614564,0
,.000620181,0
,.000610998,0
,.000620957,0
,.000611331,0
,.000609189,0
,.000616433,0
,.000618200,0
,.000622344,0
,.000609876,0
,.000616529,0
,.000619445,0
,.000616871,0
,.000612374,0
,.000610582,0
,.000624910,0
,.000612230,0
,.000622838,0
,.000619537,0
,.000611105,0
,.000620659,0
,.000615910,0
,.000617578,0
,.000615733,0
,.000619579,0
,.000619178,0
,.000610296,0
,.000613645,0
,.000613092,0
,.000615132,0
,.000621908,0
,.000606555,0
,.000618172,0
,.000618023,0
,.000618163,0
,.000624973,0
,.000608356,0
,.000621663,0
,.000625652,0
,.000615428,0
,.000603209,0
,.000616556,0
,.000614249,0
,.000620271,0
,.000615224,0
,.000620309,0
,.000616788,0
,.000683371,0
,.000614002,0
,.000606143,0
,.000619324,0
,.000622372,0
,.000653268,0
,.000619721,0
,.000619329,0
,.000619089,0
,.000618697,0
,.000660825,0
,.000614865,0
,.000612343,0
,.000620002,0
,.000612327,0
,.000664496,0
,.000616120,0
,.000618053,0
,.000614578,0
,.000609048,0
,.000615409,0
,.000619772,0
,.000616950,0
,.000614963,0
,.000614898,0
,.000615728,0
,.000620403,0
,.000620265,0
,.000621627,0
,.000608572,0
,.000618627,0
,.000619083,0
,.000618276,0
,.000621449,0
,.000615313,0
,.000616543,0
,.000610888,0
,.000618097,0
,.000604469,0
,.000619295,0
,.000616861,0
,.000615398,0
,.000622056,0
,.000615134,0
,.000611848,0
,.000619999,0
,.000616843,0
,.000621084,0
,.000617011,0
,.000615327,0
,.000613877,0
,.000613749,0
,.000612577,0
,.000616182,0
,.000621176,0
,.000613519,0
,.000620260,0
,.000622478,0
,.000613715,0
,.000658022,0
,.000618956,0
,.000616327,0
,.000612120,0
,.000615658,0
,.000657372,0
,.000614680,0
,.000623279,0
,.000614315,0
,.000623009,0
,.000670818,0
,.000617706,0
,.000617217,0
,.000615077,0
,.000616347,0
,.000664219,0
,.000616594,0
,.000616250,0
,.000612136,0
,.000617823,0
,.000608402,0
,.000611388,0
,.000614865,0
,.000617272,0
,.000616004,0
,.000616325,0
,.000620826,0
,.000622096,0
,.000614384,0
,.000614855,0
,.000622245,0
,.000615130,0
,.000619596,0
,.000618325,0
,.000623476,0
,.000621245,0
,.000617703,0
,.000620385,0
,.000611712,0
,.000610554,0
,.000617572,0
,.000611229,0
,.000612134,0
,.000610457,0
,.000619203,0
,.000613188,0
,.000616568,0
,.000620796,0
,.000614550,0
,.000618418,0
,.000617631,0
,.000619782,0
,.000608008,0
,.000613758,0
,.000610830,0
,.000614560,0
,.000614584,0
,.000627478,0
,.000607376,0
,.000612762,0
,.000617572,0
,.000608415,0
,.000620372,0
,.000618213,0
,.000668392,0
,.000618066,0
,.000616742,0
,.000618337,0
,.000621347,0
,.000677983,0
,.000616727,0
,.000612067,0
,.000616358,0
,.000615192,0
,.000654797,0
,.000618234,0
,.000615731,0
,.000620095,0
,.000617691,0
,.000617192,0
,.000618548,0
,.000610682,0
,.000620846,0
,.000616781,0
,.000621545,0
,.000614395,0
,.000615663,0
,.000618422,0
,.000612105,0
,.000616250,0
,.000619223,0
,.000660905,0
,.000595308,0
,.000617618,0
,.000619975,0
,.000612216,0
,.000622082,0
,.000617065,0
,.000619631,0
,.000627107,0
,.000614662,0
,.000677397,0
,.000619321,0
,.000616680,0
,.000621685,0
,.000617471,0
,.000665476,0
,.000615354,0
,.000616336,0
,.000617898,0
,.000621554,0
,.000621457,0
,.000618482,0
,.000612545,0
,.000611586,0
,.000619090,0
,.000616335,0
,.000614084,0
,.000620706,0
,.000613673,0
,.000615750,0
,.000616014,0
,.000614338,0
,.000620820,0
,.000620678,0
,.000608280,0
,.000609218,0
,.000618264,0
,.000613900,0
,.000613132,0
,.000615304,0
,.000611540,0
,.000612359,0
,.000617773,0
,.000615979,0
,.000615275,0
,.000612120,0
,.000618780,0
,.000620555,0
,.000612555,0
,.000617291,0
,.000614395,0
,.000607927,0
,.000622446,0
,.000610408,0
,.000616598,0
,.000610085,0
,.000623102,0
,.000603253,0
,.000663343,0
,.000704784,0
,.000621249,0
,.000615566,0
,.000611877,0
,.000613790,0
,.000641684,0
,.000616066,0
,.000616217,0
,.000615253,0
,.000618456,0
,.000707969,0
,.000640307,0
,.000605698,0
,.000622279,0
,.000612354,0
,.000617338,0
,.000619850,0
,.000647054,0
,.000621306,0
,.000616373,0
,.000608027,0
,.000613306,0
,.000629424,0
,.000618977,0
,.000613894,0
,.000620145,0
,.000622503,0
,.000656595,0
,.000617833,0
,.000616520,0
,.000613763,0
,.000611002,0
,.000611225,0
,.000618491,0
,.000665288,0
,.000606368,0
,.000615206,0
,.000618157,0
,.000608611,0
,.000643399,0
,.000617934,0
,.000617371,0
,.000612277,0
,.000610248,0
,.000661053,0
,.000609276,0
,.000617050,0
,.000615903,0
,.000616084,0
,.000642420,0
,.000615171,0
,.000619009,0
,.000607126,0
,.000619696,0
,.000614254,0
,.000620790,0
,.000628287,0
,.000621163,0
,.000624787,0
,.000616191,0
,.000613654,0
,.000683000,0
,.000607692,0
,.000619557,0
,.000620789,0
,.000616413,0
,.000703000,0
,.000619613,0
,.000619264,0
,.000621264,0
,.000616056,0
,.000712926,0
,.000618085,0
,.000618803,0
,.000611464,0
,.000614886,0
,.000620502,0
,.000619227,0
,.000619919,0
,.000621912,0
,.000611201,0
,.000619848,0
,.000613658,0
,.000624192,0
,.000611165,0
,.000618198,0
,.000616916,0
,.000614615,0
,.000621729,0
,.000617826,0
,.000614854,0
,.000619636,0
,.000621946,0
,.000622936,0
,.000605510,0
,.000622341,0
,.000617535,0
,.000612741,0
,.000611475,0
,.000613151,0
,.000614777,0
,.000614428,0
,.000621984,0
,.000619187,0
,.000614773,0
,.000616341,0
,.000623215,0
,.000613586,0
,.000619242,0
,.000618007,0
,.000657734,0
,.000621201,0
,.000619115,0
,.000617713,0
,.000605588,0
,.000648909,0
,.000612699,0
,.000608114,0
,.000617869,0
,.000609736,0
,.000674936,0
,.000613413,0
,.000616346,0
,.000602545,0
,.000618248,0
,.000651941,0
,.000619304,0
,.000608625,0
,.000604253,0
,.000615729,0
,.000669150,0
,.000619947,0
,.000606013,0
,.000618018,0
,.000613850,0
,.000619346,0
,.000621401,0
,.000618918,0
,.000615416,0
,.000623639,0
,.000612340,0
,.000614022,0
,.000620702,0
,.000620833,0
,.000623933,0
,.000613283,0
,.000605413,0
,.000609444,0
,.000609344,0
,.000603389,0
,.000607845,0
,.000603005,0
,.000616220,0
,.000600127,0
,.000603915,0
,.000599521,0
,.000610326,0
,.000602607,0
,.000602491,0
,.000603460,0
,.000603606,0
,.000604889,0
,.000612369,0
,.000602512,0
,.000593858,0
,.000605596,0
,.000605961,0
,.000613235,0
,.000606678,0
,.000604573,0
,.000596101,0
,.000605649,0
,.000599024,0
,.000599556,0
,.000604037,0
,.000607527,0
,.000604912,0
,.000607069,0
,.000603938,0
,.000598551,0
,.000609675,0
,.000606234,0
,.000606722,0
,.000608542,0
,.000605298,0
,.000602147,0
,.000607880,0
,.000609698,0
,.000604729,0
,.000606190,0
,.000613012,0
,.000606195,0
,.000597408,0
,.000607197,0
,.000608367,0
,.000606029,0
,.000601637,0
,.000610602,0
,.000605940,0
,.000605907,0
,.000610652,0
,.000600364,0
,.000594352,0
,.000597055,0
,.000593876,0
,.000640994,0
,.000599170,0
,.000600043,0
,.000603848,0
,.000601271,0
,.000607400,0
,.000609420,0
,.000604795,0
,.000603503,0
,.000600206,0
,.000604553,0
,.000600661,0
,.000604796,0
,.000611752,0
,.000600150,0
,.000607054,0
,.000602930,0
,.000605282,0
,.000606615,0
,.000602122,0
,.000605787,0
,.000598180,0
,.000603744,0
,.000607054,0
,.000606643,0
,.000596551,0
,.000599474,0
,.000606872,0
,.000600028,0
,.000597280,0
,.000615867,0
,.000601012,0
,.000600814,0
,.000596782,0
,.000605360,0
,.000605224,0
,.000607933,0
,.000603168,0
,.000605700,0
,.000603643,0
,.000625406,0
,.000598520,0
,.000600501,0
,.000599848,0
,.000604428,0
,.000619325,0
,.000601729,0
,.000601427,0
,.000607307,0
,.000601742,0
,.000631509,0
,.000605059,0
,.000604695,0
,.000608059,0
,.000609573,0
,.000606109,0
,.000601826,0
,.000608555,0
,.000607256,0
,.000602009,0
,.000609437,0
,.000598454,0
,.000608740,0
,.000609001,0
,.000592964,0
,.000608888,0
,.000606624,0
,.000604004,0
,.000605514,0
,.000606052,0
,.000605680,0
,.000601190,0
,.000605173,0
,.000606049,0
,.000605537,0
,.000602634,0
,.000609685,0
,.000609526,0
,.000606153,0
,.000616965,0
,.005811456,0
,.000617483,0
,.000617698,0
,.000653949,0
,.000607741,0
,.000610857,0
,.000615079,0
,.000619303,0
,.000614585,0
,.000613576,0
,.000611414,0
,.000620800,0
,.000617276,0
,.000644900,0
,.000615757,0
,.000617051,0
,.000613529,0
,.000615178,0
,.000605031,0
,.000612602,0
,.000615160,0
,.000616401,0
,.000618397,0
,.000657119,0
,.000619630,0
,.000621870,0
,.000616417,0
,.000613118,0
,.000650678,0
,.000619601,0
,.000616482,0
,.000616386,0
,.000619278,0
,.000612252,0
,.000611808,0
,.000619959,0
,.000619941,0
,.000611399,0
,.000612244,0
,.000611512,0
,.000616868,0
,.000608532,0
,.000612441,0
,.000620736,0
,.000622165,0
,.000617861,0
,.000612893,0
,.000618816,0
,.000621835,0
,.000618949,0
,.000589753,0
,.000613110,0
,.000608947,0
,.000620756,0
,.000625445,0
,.000613290,0
,.000622487,0
,.000615583,0
,.000620369,0
,.000616676,0
,.000618858,0
,.000607317,0
,.000616905,0
,.000618609,0
,.000617756,0
,.000612704,0
,.000617392,0
,.000616321,0
,.000615740,0
,.000614420,0
,.000623211,0
,.000614673,0
,.000658382,0
,.000615842,0
,.000619916,0
,.000610060,0
,.000615683,0
,.000674885,0
,.000615727,0
,.000616854,0
,.000616882,0
,.000608884,0
,.000654280,0
,.000609794,0
,.000616058,0
,.000612859,0
,.000618947,0
,.000655878,0
,.000615993,0
,.000621347,0
,.000615303,0
,.000623237,0
,.000615128,0
,.000616376,0
,.000605969,0
,.000614288,0
,.000618823,0
,.000617527,0
,.000613148,0
,.000621202,0
,.000615534,0
,.000614143,0
,.000617191,0
,.000623482,0
,.000616293,0
,.000615559,0
,.000619066,0
,.000617484,0
,.000615651,0
,.000619862,0
,.000617188,0
,.000621883,0
,.000616715,0
,.000617345,0
,.000623303,0
,.000616774,0
,.000614044,0
,.000612772,0
,.000619236,0
,.000609043,0
,.000614169,0
,.000612584,0
,.000615992,0
,.000613058,0
,.000621186,0
,.000613082,0
,.000616643,0
,.000611842,0
,.000612984,0
,.000614284,0
,.000616159,0
,.000605776,0
,.000619343,0
,.000619283,0
,.000618664,0
,.000614872,0
,.000652979,0
,.000614163,0
,.000612184,0
,.000612404,0
,.000615903,0
,.000610180,0
,.000616746,0
,.000613646,0
,.000620377,0
,.000610399,0
,.000682721,0
,.000615444,0
,.000616347,0
,.000614563,0
,.000603649,0
,.000618069,0
,.000627258,0
,.000623600,0
,.000623682,0
,.000615005,0
,.000617833,0
,.000619442,0
,.000615295,0
,.000608289,0
,.000615794,0
,.000611190,0
,.000618423,0
,.000683443,0
,.000612730,0
,.000610167,0
,.000613749,0
,.000617651,0
,.000685953,0
,.000617622,0
,.000620220,0
,.000618650,0
,.000617435,0
,.000645475,0
,.000616639,0
,.000616459,0
,.000616563,0
,.000613909,0
,.000622941,0
,.000618395,0
,.000618986,0
,.000617264,0
,.000616754,0
,.000661642,0
,.000614259,0
,.000615074,0
,.000611792,0
,.000615980,0
,.000624451,0
,.000610844,0
,.000620097,0
,.000618648,0
,.000618768,0
,.000621672,0
,.000615854,0
,.000623212,0
,.000620169,0
,.000614562,0
,.000609977,0
,.000611671,0
,.000614148,0
,.000613346,0
,.000611641,0
,.000616469,0
,.000616285,0
,.000589599,0
,.000614388,0
,.000612179,0
,.000618074,0
,.000611049,0
,.000621920,0
,.000615543,0
,.000618840,0
,.000621136,0
,.000620400,0
,.000626023,0
,.000607678,0
,.000619952,0
,.000613398,0
,.000610770,0
,.000614960,0
,.000611315,0
,.000614818,0
,.000623050,0
,.000615094,0
,.000615857,0
,.000611635,0
,.000655816,0
,.000621896,0
,.000614394,0
,.000616393,0
,.000609769,0
,.000650063,0
,.000617799,0
,.000617274,0
,.000612738,0
,.000615637,0
,.000668348,0
,.000616616,0
,.000614642,0
,.000607917,0
,.000616857,0
,.000660599,0
,.000614892,0
,.000617502,0
,.000615605,0
,.000612696,0
,.000616267,0
,.000614852,0
,.000622968,0
,.000614199,0
,.000617224,0
,.000619430,0
,.000621032,0
,.000616158,0
,.000617144,0
,.000611865,0
,.000611827,0
,.000616788,0
,.000636720,0
,.000614927,0
,.000620497,0
,.000609490,0
,.000619023,0
,.000599713,0
,.000619826,0
,.000613232,0
,.000611685,0
,.000613828,0
,.000613768,0
,.000617310,0
,.000620154,0
,.000613779,0
,.000620770,0
,.000622615,0
,.000618291,0
,.000619394,0
,.000614815,0
,.000616770,0
,.000609922,0
,.000621088,0
,.000657006,0
,.000621411,0
,.000617019,0
,.000613118,0
,.000616007,0
,.000646253,0
,.000616301,0
,.000615576,0
,.000622620,0
,.000621634,0
,.000663100,0
,.000612708,0
,.000616983,0
,.000617666,0
,.000615921,0
,.000615339,0
,.000620697,0
,.000616836,0
,.000617003,0
,.000618818,0
,.000652822,0
,.000610096,0
,.000616774,0
,.000608224,0
,.000617256,0
,.000616165,0
,.000612429,0
,.000613838,0
,.000612370,0
,.000618238,0
,.000616123,0
,.000610436,0
,.000620315,0
,.000620815,0
,.000616430,0
,.000616419,0
,.000611411,0
,.000620310,0
,.000618437,0
,.000615885,0
,.000619155,0
,.000620335,0
,.000623695,0
,.000615323,0
,.000611518,0
,.000614620,0
,.000614847,0
,.000644341,0
,.000646114,0
,.000615921,0
,.000614518,0
,.000620866,0
,.000615527,0
,.000621747,0
,.000707494,0
,.000613693,0
,.000616134,0
,.000616833,0
,.000615315,0
,.000740173,0
,.000625558,0
,.000614878,0
,.000614431,0
,.000618977,0
,.000651788,0
,.000620098,0
,.000616081,0
,.003510499,0
,.000616809,0
,.000617641,0
,.000616416,0
,.000611454,0
,.000656538,0
,.000614630,0
,.000618410,0
,.000619218,0
,.000618619,0
,.000623559,0
,.000609137,0
,.000649141,0
,.000609748,0
,.000613125,0
,.000611644,0
,.000622105,0
,.000661532,0
,.000618177,0
,.000615904,0
,.000618229,0
,.000619292,0
,.000656835,0
,.000612960,0
,.000620978,0
,.000614429,0
,.000616750,0
,.000614847,0
,.000612723,0
,.000613953,0
,.000617032,0
,.000618723,0
,.000612576,0
,.000620580,0
,.000698588,0
,.000612704,0
,.000618076,0
,.000612682,0
,.000608347,0
,.000635211,0
,.000600653,0
,.000604723,0
,.000602147,0
,.000603521,0
,.000624823,0
,.000606548,0
,.000604835,0
,.000608242,0
,.000598799,0
,.000642181,0
,.000606931,0
,.000608387,0
,.000623448,0
,.000603069,0
,.000660639,0
,.000603861,0
,.000601668,0
,.000599216,0
,.000607176,0
,.000644078,0
,.000600050,0
,.000604946,0
,.000602980,0
,.000603233,0
,.000646433,0
,.000596453,0
,.000596249,0
,.000609458,0
,.000582178,0
,.000644802,0
,.000607758,0
,.000599279,0
,.000599822,0
,.000604716,0
,.000643924,