,0
,.000694525,0
,.000575658,0
,.000570870,0
,.000568283,0
,.000572658,0
,.000598181,0
,.000564336,0
,.000576015,0
,.000576037,0
,.000570538,0
,.000574076,0
,.000576373,0
,.000572446,0
,.000569810,0
,.000565884,0
,.000582641,0
,.000569829,0
,.000570637,0
,.000575705,0
,.000573913,0
,.000576259,0
,.000576254,0
,.000575986,0
,.000612035,0
,.000571995,0
,.000577132,0
,.000570263,0
,.000605095,0
,.000607734,0
,.000564795,0
,.000573270,0
,.000574260,0
,.000599969,0
,.000637826,0
,.000565823,0
,.000566676,0
,.000576086,0
,.000567813,0
,.000577710,0
,.000568564,0
,.000572138,0
,.000580110,0
,.000566370,0
,.000568445,0
,.000575887,0
,.000568954,0
,.000582047,0
,.000605743,0
,.000570824,0
,.000568394,0
,.000571420,0
,.000597901,0
,.000570768,0
,.000568329,0
,.000575247,0
,.000585630,0
,.000574417,0
,.000570353,0
,.000582042,0
,.000578136,0
,.000572494,0
,.000575491,0
,.000566669,0
,.000571369,0
,.000651984,0
,.000572549,0
,.000570466,0
,.000576173,0
,.000571528,0
,.000619499,0
,.000568039,0
,.000592163,0
,.000574320,0
,.000574801,0
,.000608783,0
,.000588628,0
,.000567466,0
,.000575723,0
,.000575711,0
,.000575041,0
,.000602707,0
,.000571521,0
,.000579865,0
,.000591008,0
,.000607242,0
,.000573517,0
,.000569383,0
,.000588886,0
,.000625849,0
,.000750368,0
,.000576789,0
,.000573935,0
,.000581293,0
,.000574407,0
,.000669494,0
,.000574667,0
,.000567072,0
,.000572198,0
,.000569392,0
,.003437469,0
,.000583358,0
,.000567520,0
,.000585932,0
,.000579787,0
,.008250408,0
,.000638506,0
,.000588828,0
,.000579359,0
,.000576970,0
,.005374801,0
,.000666608,0
,.000601706,0
,.000595583,0
,.000594856,0
,.000597691,0
,.000662364,0
,.000591274,0
,.000595751,0
,.000594730,0
,.000591379,0
,.000623458,0
,.000598261,0
,.000598113,0
,.000595201,0
,.000597691,0
,.000645527,0
,.000595448,0
,.000589625,0
,.000592031,0
,.000593246,0
,.000629460,0
,.000597099,0
,.000595047,0
,.000596586,0
,.000595041,0
,.000598541,0
,.000592877,0
,.000595342,0
,.000590552,0
,.000597724,0
,.000596722,0
,.000590911,0
,.000593103,0
,.000591564,0
,.000595042,0
,.000603475,0
,.000597489,0
,.000601701,0
,.000589886,0
,.000588852,0
,.000595806,0
,.000595491,0
,.000604216,0
,.000594962,0
,.000595125,0
,.000595156,0
,.000599089,0
,.000601726,0
,.000573592,0
,.000598767,0
,.000590636,0
,.000596355,0
,.000608388,0
,.000598402,0
,.000595088,0
,.000599195,0
,.000593733,0
,.000599001,0
,.000592840,0
,.000590973,0
,.000594060,0
,.000592658,0
,.000597391,0
,.000597426,0
,.000593518,0
,.000601058,0
,.000597236,0
,.000603131,0
,.000594857,0
,.000599690,0
,.000599168,0
,.000594497,0
,.000596994,0
,.000592413,0
,.000599649,0
,.000592189,0
,.000596417,0
,.000602484,0
,.000594207,0
,.000593994,0
,.000600133,0
,.000596995,0
,.000599973,0
,.000598415,0
,.000590401,0
,.000597294,0
,.000596727,0
,.000587849,0
,.000596448,0
,.000638127,0
,.000594767,0
,.000596270,0
,.000601416,0
,.000585844,0
,.000622251,0
,.000583349,0
,.000581694,0
,.000586281,0
,.000584829,0
,.000578052,0
,.000583634,0
,.000580211,0
,.000583153,0
,.000581290,0
,.000586208,0
,.000584316,0
,.000583838,0
,.000591612,0
,.000585450,0
,.000586106,0
,.000578860,0
,.000577557,0
,.000585910,0
,.000586810,0
,.000584694,0
,.000578817,0
,.000582067,0
,.000584062,0
,.000587639,0
,.000583112,0
,.000584026,0
,.000583905,0
,.000585366,0
,.000579620,0
,.000581192,0
,.000584220,0
,.000578625,0
,.000595633,0
,.000578350,0
,.000588438,0
,.000589492,0
,.000581899,0
,.000622763,0
,.000580291,0
,.000577554,0
,.000580901,0
,.000576290,0
,.000587181,0
,.000574334,0
,.000587212,0
,.000586835,0
,.000582856,0
,.000578209,0
,.000581068,0
,.000577778,0
,.000584259,0
,.000588729,0
,.000588121,0
,.000586797,0
,.000582820,0
,.000587705,0
,.000587101,0
,.000581161,0
,.000583644,0
,.000586503,0
,.000638029,0
,.000575041,0
,.000581561,0
,.000585423,0
,.000579870,0
,.000632835,0
,.000580563,0
,.000585646,0
,.000587083,0
,.000588207,0
,.000621170,0
,.000581795,0
,.000582701,0
,.000577387,0
,.000577494,0
,.000638814,0
,.000582997,0
,.000587711,0
,.000586074,0
,.000583742,0
,.000630617,0
,.000579846,0
,.000574337,0
,.000584848,0
,.000579915,0
,.000617098,0
,.000582609,0
,.000584293,0
,.000588872,0
,.000587540,0
,.000584068,0
,.000580642,0
,.000581624,0
,.000581660,0
,.000579476,0
,.000587994,0
,.000581001,0
,.000580498,0
,.000591630,0
,.000579941,0
,.000584116,0
,.000585425,0
,.000582802,0
,.000587557,0
,.000583317,0
,.000585626,0
,.000586480,0
,.000581095,0
,.000587840,0
,.000583632,0
,.000581513,0
,.000583769,0
,.000582768,0
,.000585999,0
,.000580919,0
,.000579992,0
,.000581673,0
,.000575956,0
,.000579715,0
,.000582529,0
,.000588351,0
,.000581427,0
,.000582517,0
,.000582895,0
,.000575074,0
,.000583581,0
,.000586846,0
,.000579794,0
,.000584928,0
,.000573269,0
,.000580123,0
,.000582718,0
,.000585298,0
,.000579622,0
,.000580342,0
,.000579142,0
,.000580589,0
,.000579296,0
,.000585375,0
,.000584182,0
,.000587043,0
,.000621400,0
,.000582363,0
,.000581823,0
,.000585140,0
,.000576935,0
,.000602363,0
,.000589221,0
,.000580021,0
,.000578980,0
,.000581633,0
,.000625207,0
,.000578744,0
,.000578417,0
,.000579228,0
,.000586019,0
,.000632652,0
,.000583499,0
,.000580815,0
,.000577393,0
,.000579121,0
,.000616849,0
,.000575173,0
,.000587832,0
,.000589072,0
,.000583827,0
,.000625619,0
,.000580714,0
,.000581815,0
,.000581221,0
,.000584983,0
,.000586936,0
,.000582876,0
,.000581291,0
,.000584119,0
,.000583499,0
,.000586068,0
,.000579653,0
,.000586866,0
,.000593657,0
,.000591006,0
,.000584363,0
,.000578613,0
,.000584194,0
,.000589557,0
,.000584670,0
,.000568618,0
,.000579844,0
,.000579436,0
,.000595554,0
,.000586015,0
,.000585184,0
,.000586702,0
,.000582742,0
,.000587086,0
,.000581970,0
,.000580558,0
,.000583529,0
,.000583250,0
,.000585951,0
,.000581142,0
,.000576217,0
,.000583736,0
,.000575879,0
,.000586034,0
,.000584743,0
,.000584554,0
,.000580636,0
,.000585467,0
,.000571795,0
,.000582780,0
,.000583440,0
,.000586004,0
,.000579688,0
,.000580947,0
,.000582233,0
,.000580045,0
,.000583704,0
,.000576676,0
,.000582182,0
,.000586746,0
,.000578230,0
,.000626517,0
,.000585600,0
,.000584786,0
,.000580253,0
,.000585445,0
,.000624141,0
,.000580312,0
,.000580440,0
,.000579428,0
,.000584260,0
,.000628613,0
,.000585141,0
,.000587522,0
,.000586512,0
,.000583564,0
,.000630310,0
,.000584037,0
,.000574551,0
,.000807873,0
,.000581883,0
,.000586789,0
,.000585240,0
,.000585198,0
,.000584150,0
,.000587735,0
,.000582917,0
,.000579915,0
,.000585357,0
,.000580608,0
,.000577924,0
,.000621932,0
,.000580368,0
,.000584966,0
,.000580411,0
,.000585921,0
,.000628153,0
,.000587388,0
,.000578033,0
,.000587329,0
,.000579809,0
,.000621715,0
,.000577463,0
,.000582372,0
,.000579827,0
,.000586283,0
,.000620497,0
,.000586467,0
,.000574200,0
,.000580143,0
,.000578360,0
,.000617641,0
,.000587796,0
,.000584444,0
,.000576033,0
,.000589520,0
,.000628722,0
,.000586846,0
,.000585690,0
,.000582881,0
,.000579437,0
,.000584661,0
,.000581134,0
,.000580989,0
,.000583461,0
,.000585072,0
,.000581602,0
,.000577555,0
,.000578918,0
,.000588894,0
,.000581297,0
,.000583263,0
,.000581259,0
,.000583565,0
,.000589878,0
,.000584252,0
,.000585557,0
,.000581636,0
,.000573786,0
,.000582193,0
,.000574345,0
,.000582015,0
,.000584652,0
,.000581958,0
,.000584074,0
,.000579422,0
,.000576748,0
,.000576527,0
,.000577404,0
,.000593529,0
,.000582792,0
,.000583057,0
,.000578473,0
,.000585189,0
,.000583258,0
,.000584660,0
,.000580704,0
,.000582246,0
,.000582892,0
,.000585583,0
,.000589725,0
,.000581955,0
,.000583673,0
,.000576357,0
,.000580191,0
,.000586388,0
,.000582878,0
,.000581068,0
,.000580712,0
,.000582763,0
,.000579993,0
,.000584536,0
,.000618674,0
,.000569757,0
,.000584830,0
,.000588574,0
,.000580034,0
,.000625061,0
,.000585535,0
,.000578677,0
,.000580090,0
,.000585269,0
,.000625386,0
,.000585077,0
,.000583312,0
,.000587331,0
,.000582803,0
,.000618784,0
,.000583863,0
,.000586869,0
,.000581777,0
,.000586735,0
,.000621291,0
,.000589004,0
,.000575935,0
,.000580701,0
,.000581572,0
,.000621353,0
,.000577012,0
,.000589109,0
,.000584837,0
,.000579186,0
,.000585194,0
,.000581490,0
,.000579068,0
,.000589540,0
,.000576562,0
,.000589633,0
,.000586187,0
,.000584605,0
,.000593174,0
,.000575880,0
,.000590552,0
,.000583379,0
,.000585604,0
,.000588547,0
,.000581456,0
,.000585691,0
,.000578345,0
,.000585457,0
,.000589403,0
,.000587892,0
,.000581388,0
,.000585279,0
,.000587854,0
,.000584858,0
,.000577737,0
,.000583132,0
,.000586024,0
,.000581215,0
,.000591083,0
,.000585606,0
,.000580355,0
,.000581785,0
,.000580991,0
,.000590295,0
,.000578565,0
,.000587577,0
,.000589089,0
,.000581619,0
,.000587480,0
,.000583968,0
,.000583498,0
,.000585755,0
,.000577194,0
,.000580887,0
,.000568230,0
,.000576100,0
,.000613549,0
,.000575844,0
,.000583693,0
,.000588683,0
,.000582619,0
,.000623424,0
,.000580385,0
,.000582051,0
,.000579484,0
,.000583947,0
,.000630510,0
,.000581154,0
,.000578545,0
,.000583521,0
,.000585757,0
,.000622072,0
,.000581051,0
,.000582328,0
,.000587644,0
,.000581626,0
,.000620742,0
,.000591020,0
,.000586936,0
,.000578664,0
,.000578553,0
,.000625848,0
,.000586479,0
,.000584750,0
,.000585273,0
,.000588024,0
,.000584305,0
,.000584297,0
,.000582646,0
,.000584038,0
,.000583493,0
,.000584864,0
,.000582106,0
,.000582971,0
,.000590118,0
,.000583810,0
,.000580012,0
,.000580878,0
,.000579094,0
,.000586401,0
,.000583734,0
,.000583914,0
,.000584139,0
,.000582465,0
,.000590005,0
,.000584271,0
,.000582197,0
,.000577567,0
,.000582939,0
,.000589311,0
,.000577187,0
,.000588066,0
,.000585346,0
,.000584294,0
,.000590832,0
,.000583343,0
,.000580923,0
,.000583320,0
,.000577446,0
,.000585126,0
,.000584073,0
,.000578343,0
,.000583333,0
,.000584425,0
,.000590112,0
,.000571816,0
,.000580832,0
,.000580898,0
,.000582123,0
,.000563819,0
,.000570948,0
,.000575175,0
,.000571693,0
,.000570320,0
,.000576545,0
,.000568482,0
,.000568138,0
,.000610888,0
,.000572018,0
,.000567189,0
,.000579333,0
,.000569607,0
,.000614720,0
,.000622622,0
,.000599051,0
,.000720358,0
,.000568918,0
,.000620280,0
,.000608934,0
,.000676794,0
,.000566118,0
,.000614017,0
,.000636110,0
,.000589774,0
,.000590030,0
,.000573198,0
,.000682639,0
,.000583585,0
,.000582409,0
,.000582696,0
,.000627633,0
,.000584536,0
,.000575751,0
,.000582969,0
,.000582438,0
,.000635332,0
,.000585478,0
,.000582584,0
,.000580836,0
,.000585600,0
,.000623389,0
,.000577569,0
,.000588694,0
,.000577896,0
,.000583919,0
,.000628236,0
,.000584090,0
,.000583664,0
,.000585440,0
,.000577028,0
,.000625733,0
,.000582693,0
,.002353684,0
,.000593912,0
,.000595094,0
,.000634227,0
,.000596691,0
,.000601570,0
,.000595000,0
,.000588496,0
,.000621852,0
,.000589024,0
,.000594788,0
,.000594128,0
,.000593889,0
,.000622657,0
,.000588962,0
,.000593581,0
,.000591876,0
,.000590916,0
,.000598761,0
,.000587216,0
,.000598148,0
,.000596405,0
,.000596456,0
,.000594401,0
,.000595801,0
,.000595210,0
,.000585619,0
,.000595812,0
,.000585711,0
,.000595512,0
,.000593433,0
,.000593443,0
,.000592936,0
,.000594244,0
,.000594401,0
,.000593494,0
,.000597126,0
,.000592925,0
,.000601345,0
,.000588794,0
,.000617296,0
,.000592318,0
,.000597219,0
,.000598351,0
,.000593557,0
,.000636318,0
,.000589841,0
,.000583564,0
,.000587303,0
,.000594487,0
,.000638910,0
,.000596644,0
,.000594907,0
,.000597592,0
,.000592277,0
,.000635983,0
,.000597635,0
,.000589793,0
,.000587395,0
,.000588998,0
,.000635768,0
,.000601595,0
,.000592076,0
,.000600426,0
,.000588209,0
,.000637136,0
,.000593238,0
,.000592726,0
,.000597971,0
,.000589842,0
,.000631819,0
,.000601379,0
,.000596035,0
,.000598030,0
,.000591292,0
,.000626694,0
,.000593183,0
,.000597547,0
,.000589227,0
,.000599466,0
,.000638652,0
,.000597397,0
,.000597483,0
,.000592414,0
,.000599642,0
,.000638138,0
,.000590014,0
,.000596816,0
,.000594881,0
,.000596983,0
,.000599162,0
,.000595258,0
,.000594300,0
,.000596039,0
,.000591561,0
,.000598180,0
,.000594828,0
,.000591914,0
,.000591895,0
,.000594485,0
,.000595194,0
,.000584717,0
,.000590253,0
,.000584685,0
,.000592357,0
,.000598303,0
,.000599620,0
,.000644599,0
,.000590309,0
,.000593091,0
,.000594955,0
,.000590331,0
,.000605838,0
,.000597849,0
,.000596773,0
,.000599575,0
,.000590853,0
,.000594578,0
,.000595590,0
,.000594426,0
,.000596209,0
,.000592457,0
,.000602642,0
,.000597676,0
,.000592051,0
,.000602154,0
,.000588853,0
,.000597469,0
,.000596926,0
,.000595304,0
,.000597931,0
,.000589314,0
,.000600071,0
,.000600790,0
,.000595476,0
,.000594274,0
,.000596052,0
,.000593579,0
,.000589438,0
,.000598008,0
,.000599168,0
,.000600917,0
,.000593917,0
,.000593791,0
,.000597568,0
,.000594664,0
,.000586914,0
,.000600246,0
,.000593490,0
,.000596830,0
,.000595043,0
,.000594863,0
,.000591808,0
,.000596767,0
,.000598985,0
,.000589589,0
,.000591574,0
,.000591219,0
,.000594515,0
,.000635820,0
,.000589752,0
,.000595736,0
,.000590407,0
,.000587237,0
,.000638836,0
,.000596030,0
,.000591896,0
,.000591417,0
,.000593342,0
,.000643508,0
,.000595013,0
,.000587448,0
,.000590717,0
,.000590143,0
,.000640645,0
,.000594817,0
,.000591478,0
,.000594835,0
,.000598780,0
,.000636659,0
,.000589489,0
,.000596631,0
,.000596460,0
,.000595199,0
,.000637183,0
,.000597607,0
,.000601554,0
,.000594752,0
,.000595860,0
,.000600622,0
,.000592937,0
,.000596764,0
,.000597104,0
,.000589901,0
,.000599429,0
,.000597304,0
,.000594179,0
,.000596176,0
,.000586717,0
,.000595434,0
,.000599887,0
,.000595486,0
,.000598854,0
,.000588181,0
,.000597184,0
,.000591062,0
,.000593914,0
,.000601147,0
,.000589796,0
,.000596067,0
,.000597478,0
,.000596839,0
,.000592082,0
,.000588128,0
,.000591610,0
,.000595788,0
,.000595331,0
,.000596584,0
,.000599407,0
,.000592537,0
,.000604449,0
,.000639811,0
,.000592014,0
,.000598314,0
,.000596041,0
,.000593707,0
,.000601909,0
,.000588707,0
,.000596663,0
,.000590440,0
,.000599018,0
,.000636790,0
,.000592363,0
,.000600774,0
,.000597933,0
,.000597820,0
,.000632841,0
,.000584775,0
,.000588315,0
,.000599956,0
,.000583928,0
,.000663839,0
,.000595525,0
,.000597876,0
,.000600529,0
,.000591712,0
,.000599331,0
,.000598692,0
,.000600936,0
,.000599918,0
,.000589364,0
,.000636977,0
,.000593348,0
,.000587442,0
,.000600332,0
,.000591636,0
,.000630655,0
,.000592845,0
,.000595671,0
,.000593913,0
,.000588947,0
,.000674372,0
,.000602220,0
,.000576306,0
,.000567740,0
,.000582938,0
,.000623268,0
,.000582414,0
,.000579869,0
,.000579019,0
,.000583825,0
,.000628793,0
,.000583378,0
,.000584213,0
,.000581463,0
,.000583628,0
,.000636108,0
,.000583209,0
,.000577928,0
,.000582425,0
,.000577743,0
,.000622736,0
,.000580751,0
,.000576289,0
,.000587881,0
,.000576917,0
,.000584523,0
,.000582508,0
,.000583289,0
,.000585211,0
,.000590359,0
,.000582818,0
,.000577315,0
,.000585687,0
,.000587586,0
,.000581544,0
,.000575215,0
,.000578923,0
,.000585880,0
,.000584208,0
,.000578347,0
,.000582804,0
,.000581179,0
,.000584219,0
,.000589345,0
,.000582338,0
,.000582352,0
,.000582897,0
,.000588533,0
,.000630520,0
,.000583921,0
,.000576325,0
,.000586099,0
,.000584448,0
,.000586346,0
,.000577300,0
,.000584595,0
,.000579870,0
,.000587272,0
,.000588686,0
,.000583916,0
,.000581878,0
,.000583440,0
,.000587926,0
,.000593376,0
,.000582265,0
,.000577864,0
,.000584959,0
,.000583050,0
,.000595319,0
,.000586667,0
,.000583401,0
,.000587795,0
,.000584903,0
,.000585550,0
,.000577705,0
,.000578386,0
,.000577958,0
,.000578927,0
,.000586593,0
,.000585699,0
,.000586744,0
,.000583039,0
,.000583464,0
,.000578121,0
,.000578455,0
,.000577690,0
,.000629599,0
,.000581538,0
,.000577375,0
,.000581456,0
,.000571460,0
,.000628818,0
,.000581577,0
,.000579803,0
,.000581475,0
,.000581469,0
,.000621019,0
,.000573673,0
,.000581519,0
,.000583337,0
,.000579996,0
,.000586811,0
,.000585932,0
,.000584094,0
,.000583454,0
,.000578887,0
,.000621645,0
,.000587287,0
,.000579869,0
,.000596819,0
,.000597033,0
,.000596379,0
,.000667676,0
,.000594465,0
,.000595283,0
,.000594636,0
,.000594513,0
,.000622230,0
,.000591684,0
,.000591085,0
,.000598890,0
,.000600300,0
,.000631575,0
,.000594211,0
,.000597127,0
,.000594145,0
,.000597071,0
,.000642728,0
,.000592090,0
,.000590549,0
,.000597400,0
,.000591847,0
,.000590606,0
,.000586890,0
,.000588641,0
,.000599713,0
,.000599994,0
,.000598925,0
,.000597938,0
,.000591150,0
,.000592288,0
,.000589404,0
,.000591297,0
,.000590484,0
,.000598798,0
,.000588814,0
,.000594984,0
,.000598218,0
,.000594108,0
,.000604270,0
,.000588517,0
,.000588972,0
,.000593482,0
,.000594675,0
,.000595004,0
,.000599445,0
,.000594480,0
,.000600618,0
,.000596871,0
,.000592570,0
,.000594405,0
,.000595958,0
,.000595153,0
,.000594707,0
,.000592297,0
,.000586985,0
,.000595174,0
,.000597319,0
,.000595421,0
,.000602277,0
,.000596905,0
,.000596152,0
,.000592924,0
,.000596293,0
,.000598287,0
,.000596030,0
,.000597842,0
,.000595311,0
,.000602912,0
,.000617728,0
,.000595972,0
,.000594004,0
,.000594274,0
,.000592698,0
,.000598976,0
,.000593222,0
,.000597221,0
,.000602136,0
,.000595167,0
,.000598996,0
,.000594982,0
,.000597384,0
,.000593965,0
,.000582641,0
,.000598013,0
,.000598968,0
,.000594792,0
,.000595576,0
,.000598012,0
,.000597483,0
,.000596429,0
,.000596164,0
,.000590133,0
,.000596562,0
,.000588845,0
,.000590344,0
,.000595280,0
,.000594139,0
,.000600394,0
,.000596132,0
,.000594231,0
,.000647029,0
,.000601302,0
,.000586811,0
,.000596697,0
,.000599261,0
,.000636437,0
,.000594793,0
,.000588837,0
,.000594284,0
,.000589812,0
,.000634609,0
,.000595097,0
,.000596321,0
,.000596096,0
,.000592208,0
,.000637868,0
,.000588067,0
,.000589774,0
,.000592112,0
,.000595182,0
,.000647884,0
,.000597504,0
,.000597461,0
,.000598103,0
,.000593436,0
,.000635724,0
,.000594064,0
,.000588170,0
,.000593943,0
,.000592109,0
,.000638428,0
,.000599546,0
,.000595873,0
,.000602309,0
,.000593577,0
,.000596746,0
,.000596940,0
,.000598670,0
,.000596043,0
,.000593539,0
,.000604173,0
,.000591093,0
,.000599515,0
,.000595968,0
,.000594488,0
,.000595388,0
,.000593013,0
,.000597296,0
,.000586160,0
,.000596522,0
,.000599420,0
,.000597404,0
,.000604165,0
,.000588245,0
,.000597093,0
,.000583656,0
,.000581680,0
,.000589936,0
,.000584248,0
,.000585658,0
,.000578740,0
,.000583158,0
,.000583039,0
,.000580705,0
,.000577530,0
,.000585513,0
,.000584684,0
,.000587435,0
,.000577087,0
,.000573950,0
,.000592887,0
,.000583688,0
,.000583984,0
,.000585537,0
,.000584032,0
,.000593084,0
,.000576665,0
,.000584366,0
,.000585617,0
,.000578788,0
,.000620480,0
,.000577843,0
,.000583900,0
,.000585498,0
,.000585805,0
,.000628677,0
,.000575671,0
,.000581701,0
,.000596919,0
,.000595853,0
,.000597851,0
,.000598367,0
,.000598399,0
,.000603267,0
,.000600153,0
,.000595950,0
,.000615161,0
,.000607512,0
,.000629658,0
,.000594019,0
,.000587502,0
,.000617915,0
,.000614364,0
,.000606583,0
,.000593704,0
,.000592449,0
,.000596562,0
,.000594400,0
,.000596460,0
,.000597397,0
,.000614676,0
,.000593366,0
,.000596969,0
,.000587892,0
,.000591349,0
,.000666845,0
,.000589347,0
,.000591335,0
,.000591360,0
,.000586982,0
,.000623543,0
,.000593325,0
,.000593321,0
,.000590974,0
,.000598964,0
,.000670185,0
,.000591450,0
,.000593372,0
,.000594319,0
,.000595931,0
,.000634276,0
,.000596483,0
,.000578784,0
,.000595074,0
,.000600433,0
,.000681908,0
,.000600138,0
,.000599853,0
,.000595512,0
,.000594414,0
,.000601829,0
,.000601617,0
,.000587154,0
,.000594888,0
,.000591255,0
,.000601647,0
,.000597323,0
,.000612302,0
,.000599555,0
,.000594867,0
,.000587783,0
,.000594437,0
,.000620441,0
,.000599140,0
,.000591851,0
,.000594516,0
,.000584934,0
,.000632810,0
,.000599224,0
,.000595498,0
,.000584681,0
,.000594028,0
,.000619050,0
,.000593496,0
,.000597008,0
,.000596237,0
,.000596724,0
,.000607558,0
,.000600089,0
,.000596735,0
,.000589349,0
,.000596066,0
,.000604742,0
,.000591102,0
,.000592238,0
,.000592695,0
,.000591169,0
,.000595443,0
,.000599140,0
,.000602550,0
,.000592569,0
,.000590731,0
,.000601076,0
,.000595602,0
,.000591310,0
,.000591028,0
,.000593798,0
,.000597237,0
,.000593003,0
,.000644876,0
,.000586967,0
,.000590913,0
,.000602522,0
,.000597559,0
,.000609560,0
,.000596670,0
,.000592017,0
,.000594445,0
,.000589489,0
,.000648655,0
,.000594992,0
,.000598790,0
,.000599170,0
,.000591689,0
,.000654514,0
,.000591698,0
,.000597119,0
,.000597278,0
,.000591427,0
,.000619592,0
,.000596618,0
,.000598548,0
,.000589816,0
,.000596767,0
,.000636628,0
,.000592739,0
,.000589005,0
,.000594653,0
,.000599643,0
,.000640850,0
,.000597999,0
,.000590209,0
,.000589321,0
,.000593464,0
,.000634681,0
,.000591268,0
,.000592306,0
,.000595300,0
,.000596298,0
,.000638641,0
,.000593805,0
,.000593551,0
,.000596535,0
,.000588901,0
,.000634179,0
,.000592366,0
,.000592814,0
,.000595380,0
,.000591334,0
,.000593817,0
,.000587394,0
,.000590577,0
,.000593462,0
,.000589493,0
,.000588812,0
,.000592945,0
,.000598320,0
,.000594785,0
,.000590860,0
,.000596626,0
,.000596444,0
,.000594850,0
,.000596680,0
,.000598754,0
,.000596857,0
,.000583592,0
,.000598884,0
,.000590891,0
,.000585267,0
,.000595241,0
,.000594732,0
,.000600241,0
,.000593569,0
,.000596297,0
,.000595238,0
,.000597042,0
,.000599432,0
,.000598439,0
,.000596400,0
,.000591459,0
,.000590314,0
,.000600478,0
,.000590172,0
,.000591580,0
,.000597400,0
,.000597278,0
,.000596838,0
,.000596278,0
,.000594021,0
,.000600068,0
,.000595248,0
,.000600335,0
,.000596364,0
,.000592829,0
,.000595094,0
,.000597625,0
,.000597535,0
,.000591150,0
,.000592831,0
,.000597742,0
,.000592956,0
,.000591585,0
,.000590502,0
,.000630972,0
,.000593953,0
,.000600929,0
,.000588146,0
,.000597975,0
,.000667795,0
,.000600882,0
,.000594633,0
,.000595495,0
,.000597589,0
,.000598118,0
,.000591093,0
,.000600691,0
,.000591496,0
,.000591783,0
,.000595201,0
,.000590748,0
,.000588502,0
,.000600750,0
,.000596445,0
,.000600866,0
,.000585769,0
,.000600882,0
,.000600858,0
,.000594739,0
,.000600647,0
,.000597909,0
,.000603624,0
,.000591963,0
,.000595712,0
,.000601599,0
,.000588433,0
,.000600410,0
,.000597460,0
,.000596235,0
,.000592183,0
,.000592970,0
,.000598598,0
,.000600764,0
,.000592823,0
,.000596814,0
,.000593182,0
,.000604856,0
,.000597186,0
,.000594240,0
,.000591663,0
,.000590745,0
,.000584414,0
,.000591295,0
,.000589950,0
,.000600023,0
,.000588239,0
,.000598249,0
,.000597576,0
,.000592969,0
,.000596666,0
,.000599399,0
,.000599090,0
,.000592788,0
,.000588079,0
,.000592978,0
,.000599024,0
,.000604078,0
,.000594813,0
,.000593623,0
,.000588112,0
,.000594242,0
,.000590436,0
,.000595899,0
,.000593534,0
,.000592245,0
,.000586065,0
,.000593949,0
,.000602368,0
,.000601073,0
,.000592182,0
,.000597115,0
,.000599226,0
,.000593020,0
,.000594316,0
,.000596840,0
,.000592290,0
,.000596199,0
,.000597410,0
,.000597466,0
,.000590935,0
,.000594792,0
,.000592641,0
,.000597374,0
,.000596417,0
,.000598538,0
,.000594404,0
,.000592154,0
,.000600771,0
,.000668058,0
,.000597893,0
,.000600889,0
,.000591419,0
,.000594650,0
,.000661775,0
,.000590045,0
,.000596750,0
,.000599755,0
,.000595893,0
,.000665209,0
,.000593099,0
,.000592234,0
,.000593249,0
,.000593391,0
,.000604603,0
,.000600100,0
,.000595736,0
,.000600871,0
,.000591949,0
,.000642197,0
,.000588150,0
,.000588409,0
,.000595157,0
,.000593105,0
,.000637274,0
,.000596386,0
,.000592812,0
,.000597102,0
,.000591975,0
,.000675204,0
,.000594945,0
,.000595159,0
,.000595984,0
,.000600724,0
,.000600902,0
,.000595745,0
,.000589912,0
,.000593795,0
,.000585398,0
,.000600548,0
,.000596008,0
,.000594249,0
,.000592456,0
,.000595781,0
,.000590852,0
,.000593449,0
,.000597666,0
,.000596897,0
,.000595775,0
,.000596680,0
,.000595188,0
,.000600504,0
,.000587145,0
,.000589850,0
,.000597576,0
,.000597101,0
,.000600760,0
,.000601428,0
,.000591321,0
,.000594832,0
,.000598934,0
,.000638951,0
,.000597910,0
,.000600098,0
,.000597279,0
,.000596210,0
,.000594889,0
,.000593840,0
,.000599175,0
,.000601377,0
,.000595428,0
,.000597095,0
,.000593171,0
,.000596440,0
,.000598379,0
,.000598328,0
,.000627006,0
,.000603430,0
,.000596025,0
,.000598683,0
,.000590689,0
,.000632517,0
,.000591763,0
,.000586805,0
,.000595860,0
,.000599388,0
,.000656381,0
,.000599539,0
,.000593711,0
,.000594969,0
,.000595616,0
,.000602791,0
,.000589987,0
,.000589059,0
,.000595214,0
,.000592953,0
,.000591759,0
,.000595384,0
,.000586100,0
,.000598722,0
,.000589883,0
,.000600220,0
,.000595267,0
,.000592017,0
,.000596345,0
,.000598582,0
,.000592814,0
,.000594548,0
,.000601483,0
,.000595779,0
,.000595476,0
,.000585691,0
,.000595277,0
,.000602792,0
,.000591385,0
,.000593864,0
,.000600064,0
,.000585573,0
,.000599677,0
,.000604616,0
,.000587211,0
,.000595525,0
,.000589469,0
,.000600323,0
,.000591269,0
,.000589089,0
,.000586980,0
,.000594527,0
,.000592868,0
,.000588004,0
,.000590212,0
,.000597193,0
,.000592201,0
,.000668467,0
,.000597474,0
,.000593696,0
,.000836995,0
,.000591720,0
,.000592318,0
,.000590143,0
,.000654728,0
,.000598361,0
,.000593901,0
,.000600620,0
,.000595890,0
,.000605061,0
,.000592800,0
,.000595611,0
,.000598659,0
,.000590160,0
,.000642847,0
,.000595368,0
,.000591867,0
,.000597024,0
,.000592347,0
,.000663720,0
,.000595694,0
,.000596366,0
,.000597206,0
,.000596400,0
,.000597951,0
,.000593303,0
,.000590972,0
,.000592454,0
,.000588780,0
,.000587900,0
,.000591274,0
,.000591680,0
,.000586721,0
,.000582492,0
,.000599264,0
,.000598973,0
,.000602704,0
,.000593801,0
,.000587247,0
,.000594682,0
,.000599320,0
,.000603375,0
,.000597404,0
,.000595459,0
,.000597924,0
,.000594562,0
,.000597199,0
,.000599446,0
,.000599446,0
,.000590027,0
,.000587692,0
,.000600670,0
,.000591262,0
,.000590605,0
,.000594891,0
,.000590488,0
,.000600474,0
,.000597010,0
,.000584083,0
,.000586466,0
,.000577269,0
,.000586477,0
,.000582489,0
,.000585650,0
,.000586214,0
,.000585555,0
,.000585600,0
,.000577608,0
,.000586555,0
,.000587749,0
,.000579620,0
,.000589510,0
,.000586271,0
,.000571343,0
,.000584875,0
,.000583585,0
,.000584534,0
,.000586723,0
,.000582017,0
,.000588699,0
,.000584000,0
,.000579598,0
,.000575240,0
,.000583242,0
,.000582188,0
,.000583799,0
,.000578482,0
,.000580200,0
,.000573630,0
,.000626084,0
,.000574007,0
,.000581846,0
,.000581115,0
,.000583977,0
,.000623192,0
,.000589909,0
,.000588230,0
,.000573824,0
,.000583246,0
,.000643437,0
,.000579472,0
,.000573720,0
,.000585280,0
,.000583405,0
,.000629249,0
,.000583072,0
,.000585276,0
,.000583264,0
,.000577315,0
,.000581188,0
,.000588502,0
,.000582792,0
,.000579630,0
,.000578419,0
,.000581898,0
,.000577736,0
,.000582998,0
,.000581451,0
,.000578069,0
,.000584286,0
,.000579848,0
,.000588979,0
,.000583025,0
,.000583569,0
,.000578703,0
,.000580081,0
,.000579281,0
,.000594594,0
,.000580967,0
,.000584419,0
,.000586353,0
,.000585936,0
,.000594786,0
,.000581512,0
,.000586398,0
,.000586798,0
,.000578806,0
,.000584645,0
,.000585535,0
,.000586504,0
,.000575997,0
,.000581974,0
,.000590877,0
,.000588844,0
,.000582264,0
,.000584226,0
,.000583221,0
,.000583420,0
,.000576644,0
,.000576061,0
,.000577095,0
,.000583253,0
,.000587612,0
,.000580893,0
,.000582905,0
,.000581151,0
,.000581449,0
,.000579505,0
,.000588337,0
,.000587636,0
,.000587866,0
,.000582472,0
,.000580562,0
,.000576529,0
,.000578619,0
,.000629104,0
,.000581698,0
,.000577989,0
,.000575133,0
,.000578086,0
,.000623816,0
,.000581997,0
,.000575133,0
,.000588253,0
,.000582503,0
,.000623938,0
,.000583827,0
,.000584225,0
,.000583300,0
,.000576330,0
,.000620395,0
,.000579513,0
,.000581318,0
,.000575697,0
,.000580811,0
,.000629420,0
,.000580077,0
,.000585748,0
,.000583533,0
,.000580242,0
,.000579061,0
,.000591127,0
,.000570591,0
,.000588810,0
,.000579679,0
,.000633506,0
,.000636788,0
,.000588616,0
,.004321990,0
,.000611945,0
,.000595173,0
,.000587986,0
,.000599195,0
,.000594949,0
,.000588864,0
,.000622880,0
,.000593108,0
,.000596749,0
,.000594757,0
,.000592394,0
,.000633631,0
,.000592642,0
,.000600417,0
,.000591345,0
,.000599498,0
,.000630663,0
,.000596973,0
,.000595320,0
,.000600430,0
,.000595196,0
,.000631752,0
,.000594722,0
,.000592086,0
,.000590239,0
,.000597054,0
,.000639737,0
,.000596089,0
,.000593659,0
,.000597951,0
,.000594463,0
,.000594372,0
,.000592910,0
,.000595706,0
,.000593450,0
,.000596614,0
,.000596065,0
,.000595283,0
,.000693113,0
,.000590445,0
,.000595830,0
,.000594832,0
,.000588769,0
,.000683290,0
,.000593980,0
,.000586829,0
,.000599001,0
,.000595743,0
,.000662166,0
,.000589487,0
,.000594900,0
,.000595251,0
,.000593076,0
,.000661956,0
,.000594845,0
,.000590831,0
,.000593764,0
,.000598662,0
,.000666949,0
,.000594411,0
,.000595723,0
,.000591370,0
,.000594683,0
,.000593716,0
,.000601775,0
,.000597255,0
,.000594931,0
,.000600446,0
,.000601837,0
,.000593906,0
,.000598489,0
,.000593367,0
,.000597996,0
,.000594212,0
,.000591740,0
,.000603140,0
,.000595180,0
,.000594010,0
,.000600602,0
,.000595932,0
,.000603176,0
,.000592180,0
,.000592376,0
,.000597061,0
,.000593996,0
,.000602393,0
,.000596622,0
,.000590694,0
,.000594143,0
,.000595788,0
,.000591437,0
,.000591443,0
,.000594879,0
,.000603181,0
,.000588638,0
,.000630683,0
,.000593195,0
,.000593830,0
,.000588276,0
,.000598950,0
,.000629730,0
,.000588864,0
,.000595723,0
,.000593677,0
,.000583076,0
,.000650391,0
,.000598539,0
,.000592399,0
,.000593178,0
,.000590909,0
,.000631691,0
,.000588235,0
,.000600312,0
,.000591395,0
,.000588170,0
,.000634789,0
,.000598609,0
,.000596151,0
,.000598469,0
,.000594695,0
,.000641136,0
,.000591350,0
,.000590830,0
,.000583584,0
,.000577594,0
,.000631052,0
,.000575966,0
,.000582737,0
,.000578865,0
,.000572898,0
,.000619654,0
,.000581302,0
,.000577248,0
,.000579264,0
,.000583222,0
,.000619454,0
,.000578089,0
,.000575587,0
,.000578430,0
,.000581013,0
,.000622746,0
,.000585045,0
,.000584657,0
,.000583147,0
,.000584328,0
,.000623760,0
,.000576713,0
,.000578914,0
,.000582857,0
,.000585307,0
,.000581664,0
,.000585313,0
,.000585369,0
,.000586905,0
,.000580985,0
,.000581119,0
,.000580008,0
,.000580799,0
,.000584531,0
,.000586809,0
,.000582019,0
,.000580131,0
,.000583610,0
,.000587887,0
,.000583017,0
,.000579697,0
,.000580622,0
,.000580163,0
,.000586931,0
,.000583441,0
,.000584488,0
,.000586329,0
,.000584270,0
,.000587346,0
,.000576878,0
,.000572326,0
,.000583472,0
,.000583582,0
,.000587311,0
,.000583293,0
,.000579324,0
,.000588028,0
,.000583332,0
,.000588997,0
,.000580949,0
,.000589511,0
,.000586385,0
,.000581971,0
,.000582245,0
,.000580287,0
,.000581915,0
,.000578920,0
,.000590239,0
,.000580658,0
,.000580243,0
,.000583549,0
,.000582677,0
,.000579508,0
,.000586620,0
,.000581236,0
,.000578004,0
,.000611431,0
,.000580654,0
,.000580133,0
,.000586291,0
,.000584078,0
,.000622237,0
,.000579395,0
,.000578818,0
,.000584835,0
,.000584090,0
,.000627573,0
,.000582474,0
,.000578991,0
,.000584920,0
,.000583745,0
,.000616858,0
,.000580927,0
,.000587132,0
,.000581310,0
,.000569297,0
,.000619288,0
,.000573944,0
,.000579929,0
,.000580765,0
,.000579485,0
,.000581225,0
,.000574947,0
,.000576449,0
,.000581644,0
,.000577983,0
,.000579255,0
,.000589986,0
,.000579190,0
,.000588027,0
,.000577485,0
,.000576400,0
,.000580465,0
,.000575673,0
,.000587943,0
,.000585962,0
,.000586876,0
,.000587468,0
,.000578721,0
,.000583537,0
,.000583041,0
,.000585525,0
,.000578547,0
,.000582662,0
,.000588694,0
,.000582722,0
,.000579613,0
,.000585500,0
,.000583362,0
,.000587199,0
,.000583220,0
,.000583482,0
,.000584557,0
,.000576770,0
,.000588208,0
,.000586810,0
,.000579735,0
,.000586701,0
,.000579735,0
,.000573395,0
,.000576825,0
,.000584189,0
,.000589088,0
,.000579021,0
,.000587445,0
,.000578223,0
,.000588618,0
,.000620354,0
,.000577657,0
,.000576659,0
,.000578319,0
,.000585089,0
,.000631372,0
,.000585579,0
,.000588593,0
,.000586567,0
,.000579298,0
,.000619701,0
,.000578518,0
,.000584299,0
,.000582986,0
,.000577778,0
,.000626517,0
,.000578703,0
,.000589361,0
,.000575635,0
,.000583471,0
,.000628989,0
,.000588606,0
,.000575550,0
,.000585892,0
,.000583599,0
,.000622704,0
,.000581366,0
,.000582543,0
,.000581387,0
,.000574404,0
,.000579123,0
,.000584613,0
,.000586072,0
,.000581754,0
,.000586315,0
,.000582518,0
,.000578790,0
,.000585973,0
,.000589033,0
,.000579008,0
,.000576600,0
,.000575843,0
,.000583813,0
,.000586033,0
,.000579981,0
,.000580397,0
,.000580078,0
,.000578327,0
,.000588800,0
,.000584501,0
,.000583678,0
,.000583139,0
,.000584831,0
,.000584989,0
,.000581394,0
,.000574020,0
,.000587364,0
,.000579543,0
,.000579483,0
,.000577276,0
,.000585316,0
,.000572318,0
,.000581423,0
,.000590463,0
,.000584705,0
,.000584071,0
,.000584007,0
,.000582382,0
,.000588376,0
,.000587513,0
,.000576468,0
,.000582426,0
,.000586421,0
,.000580150,0
,.000579389,0
,.000578932,0
,.000630251,0
,.000586517,0
,.000583098,0
,.000582832,0
,.000578329,0
,.000616220,0
,.000577023,0
,.000571715,0
,.000586728,0
,.000578530,0
,.000623050,0
,.000581658,0
,.000587211,0
,.000579837,0
,.000586055,0
,.000588359,0
,.000585435,0
,.000580389,0
,.000573105,0
,.000575272,0
,.000586520,0
,.000578718,0
,.000584376,0
,.000578992,0
,.000581732,0
,.000580600,0
,.000578957,0
,.000585033,0
,.000586903,0
,.000585737,0
,.000581037,0
,.000578115,0
,.000581534,0
,.000589184,0
,.000584047,0
,.000589898,0
,.000582100,0
,.000580972,0
,.000627040,0
,.000581393,0
,.000576742,0
,.000586134,0
,.000581035,0
,.000629047,0
,.000585153,0
,.000582745,0
,.000585384,0
,.000576783,0
,.000625582,0
,.000586913,0
,.000588057,0
,.000576081,0
,.000583953,0
,.000625918,0
,.000585341,0
,.000586720,0
,.000579754,0
,.000578033,0
,.000626893,0
,.000574509,0
,.000586085,0
,.000581666,0
,.000579807,0
,.000624150,0
,.000583679,0
,.000584410,0
,.000585664,0
,.000583437,0
,.000584851,0
,.000580350,0
,.000582356,0
,.000577303,0
,.000581679,0
,.000578067,0
,.000578533,0
,.000582866,0
,.000596259,0
,.000579900,0
,.000588457,0
,.000582395,0
,.000584918,0
,.000587016,0
,.000586376,0
,.000580314,0
,.000583947,0
,.000575622,0
,.000585909,0
,.000572851,0
,.000579614,0
,.000583187,0
,.000583783,0
,.000628555,0
,.000580521,0
,.000583771,0
,.000588513,0
,.000583680,0
,.000586123,0
,.000576177,0
,.000575857,0
,.000585855,0
,.000583312,0
,.000593644,0
,.000581577,0
,.000577853,0
,.000586316,0
,.000583361,0
,.000583025,0
,.000582352,0
,.000585474,0
,.000581602,0
,.000575081,0
,.000585393,0
,.000584515,0
,.000583203,0
,.000634129,0
,.000580677,0
,.000578399,0
,.000581832,0
,.000581130,0
,.000616229,0
,.000581976,0
,.000581591,0
,.000582172,0
,.000587468,0
,.000628683,0
,.000575087,0
,.000578717,0
,.000579126,0
,.000579630,0
,.000621263,0
,.000572905,0
,.000585533,0
,.000583495,0
,.000581301,0
,.000619934,0
,.000578719,0
,.000583955,0
,.000581924,0
,.000581310,0
,.000622713,0
,.000583480,0
,.000578340,0
,.000584673,0
,.000582266,0
,.000627122,0
,.000584154,0
,.000581280,0
,.000577792,0
,.000587369,0
,.000585607,0
,.000584130,0
,.000579521,0
,.000585544,0
,.000579571,0
,.000582998,0
,.000582054,0
,.000583667,0
,.000593714,0
,.000586264,0
,.000578026,0
,.000576944,0
,.000578601,0
,.000580290,0
,.000581278,0
,.000578088,0
,.000581545,0
,.000588440,0
,.000585552,0
,.000580832,0
,.000587215,0
,.000588083,0
,.000584820,0
,.000588461,0
,.000580681,0
,.000579829,0
,.000582643,0
,.000578007,0
,.000589594,0
,.000583174,0
,.000584179,0
,.000589035,0
,.000579572,0
,.000586972,0
,.000585611,0
,.000582284,0
,.000578896,0
,.000580623,0
,.000583035,0
,.000577677,0
,.000583857,0
,.000587576,0
,.000582520,0
,.000584926,0
,.000576625,0
,.000582814,0
,.000620040,0
,.000584836,0
,.000576678,0
,.000584701,0
,.000586259,0
,.000632813,0
,.000580890,0
,.000583037,0
,.000579446,0
,.000581649,0
,.000619799,0
,.000581884,0
,.000581486,0
,.000582255,0
,.000580395,0
,.000585203,0
,.000588617,0
,.000578986,0
,.000577771,0
,.000580877,0
,.000621701,0
,.000583380,0
,.000583763,0
,.000580811,0
,.000582832,0
,.000581482,0
,.000581363,0
,.000577799,0
,.000583762,0
,.000582691,0
,.000582176,0
,.000581940,0
,.000577401,0
,.000605961,0
,.000580843,0
,.000586646,0
,.000588496,0
,.000584584,0
,.000584668,0
,.000580982,0
,.000586093,0
,.000578163,0
,.000577525,0
,.000588698,0
,.000581225,0
,.000585559,0
,.000587510,0
,.000579840,0
,.000587723,0
,.000580106,0
,.000586629,0
,.000587866,0
,.000578762,0
,.000588464,0
,.000578521,0
,.000572317,0
,.000579298,0
,.000585091,0
,.000584624,0
,.000581527,0
,.000581860,0
,.000583157,0
,.000584739,0
,.000590479,0
,.000567540,0
,.000571956,0
,.000570967,0
,.000567888,0
,.000574983,0
,.000565792,0
,.000562451,0
,.000614075,0
,.000574990,0
,.000566333,0
,.000574544,0
,.000568650,0
,.000646228,0
,.000571276,0
,.000574269,0
,.000594453,0
,.000572157,0
,.000701530,0
,.000651448,0
,.000570839,0
,.000589600,0
,.000700649,0
,.000624612,0
,.000580026,0
,.002158880,0
,.000623657,0
,.000580115,0
,.000576140,0
,.000592960,0
,.000587774,0
,.000602921,0
,.000598385,0
,.002104682,0
,.000640443,0
,.000597023,0
,.000597464,0
,.000594375,0
,.000595893,0
,.000663880,0
,.000592602,0
,.000590483,0
,.000592956,0
,.000597811,0
,.000634904,0
,.000595890,0
,.000601623,0
,.000598590,0
,.000600505,0
,.000689997,0
,.000593795,0
,.000594822,0
,.000586860,0
,.000596508,0
,.000602148,0
,.000596063,0
,.000620294,0
,.000588195,0
,.000589323,0
,.000590871,0
,.000595598,0
,.000618530,0
,.000593844,0
,.000588283,0
,.000597967,0
,.000604034,0
,.000617680,0
,.000598075,0
,.000594591,0
,.000595481,0
,.000600340,0
,.000620290,0
,.000600400,0
,.000595844,0
,.000593269,0
,.000594482,0
,.000605171,0
,.000592688,0
,.000587974,0
,.000598454,0
,.000592530,0
,.000595050,0
,.000600119,0
,.000591130,0
,.000597062,0
,.000592520,0
,.000598529,0
,.000586997,0
,.000598645,0
,.000592588,0
,.000598724,0
,.000597768,0
,.000597418,0
,.000594996,0
,.000589287,0
,.000590142,0
,.000588762,0
,.000588939,0
,.000594891,0
,.000597595,0
,.000599065,0
,.000592690,0
,.000587615,0
,.000591159,0
,.000591035,0
,.000589151,0
,.000598478,0
,.000596370,0
,.000640258,0
,.000596293,0
,.000599991,0
,.000591831,0
,.000596230,0
,.000642403,0
,.000594811,0
,.000592954,0
,.000585245,0
,.000592538,0
,.000630717,0
,.000581676,0
,.000589002,0
,.000597276,0
,.000589782,0
,.000632317,0
,.000596923,0
,.000592315,0
,.000598083,0
,.000585990,0
,.000602354,0
,.000594693,0
,.000597288,0
,.000595916,0
,.000592254,0
,.000640580,0
,.000590637,0
,.000589767,0
,.000590459,0
,.000598779,0
,.000647484,0
,.000597224,0
,.000593950,0
,.000592131,0
,.000592202,0
,.000614159,0
,.000598658,0
,.000602798,0
,.000597812,0
,.000591374,0
,.000634977,0
,.000586234,0
,.000593275,0
,.000602125,0
,.000596113,0
,.000600351,0
,.000596728,0
,.000593160,0
,.000581077,0
,.000598786,0
,.000598073,0
,.000596925,0
,.000597832,0
,.000593265,0
,.000594174,0
,.000600590,0
,.000592988,0
,.000600636,0
,.000592313,0
,.000590722,0
,.000595931,0
,.000596182,0
,.000611248,0
,.000592207,0
,.000593734,0
,.000593295,0
,.000594794,0
,.000597428,0
,.000592689,0
,.000599443,0
,.000594629,0
,.000599113,0
,.000608354,0
,.000601026,0
,.000598753,0
,.000593916,0
,.000596372,0
,.000594740,0
,.000588536,0
,.000583277,0
,.000592562,0
,.000586444,0
,.000590643,0
,.000585183,0
,.000596391,0
,.000593182,0
,.000601803,0
,.000601743,0
,.000594537,0
,.000597854,0
,.000597209,0
,.000591597,0
,.000602598,0
,.000586185,0
,.000598326,0
,.000593130,0
,.000593142,0
,.000603903,0
,.000595854,0
,.000600251,0
,.000588790,0
,.000596941,0
,.000598481,0
,.000594320,0
,.000591035,0
,.000592539,0
,.000596239,0
,.000595576,0
,.000590682,0
,.000594608,0
,.000594773,0
,.000593297,0
,.000599679,0
,.000594078,0
,.000604432,0
,.000596752,0
,.000592277,0
,.000595736,0
,.000594239,0
,.000630765,0
,.000597216,0
,.000593795,0
,.000596575,0
,.000594204,0
,.000637058,0
,.000590848,0
,.000586103,0
,.000593734,0
,.000592401,0
,.000670251,0
,.000594994,0
,.000590412,0
,.000603124,0
,.000590525,0
,.000626365,0
,.000595824,0
,.000595898,0
,.000585485,0
,.000597076,0
,.000638278,0
,.000588265,0
,.000596035,0
,.000594964,0
,.000586441,0
,.000631351,0
,.000590597,0
,.000599803,0
,.000593706,0
,.000600646,0
,.000638707,0
,.000594399,0
,.000594201,0
,.000595466,0
,.000592519,0
,.000631691,0
,.000595811,0
,.000598414,0
,.000593979,0
,.000586339,0
,.000634035,0
,.000588270,0
,.000590510,0
,.000592753,0
,.000593263,0
,.000607464,0
,.000596231,0
,.000597609,0
,.000600576,0
,.000597981,0
,.000590381,0
,.000597611,0
,.000596566,0
,.000589818,0
,.000595598,0
,.000595363,0
,.000596987,0
,.000594331,0
,.000593526,0
,.000598427,0
,.000599735,0
,.000594740,0
,.000592305,0
,.000596657,0
,.000598980,0
,.000598364,0
,.000591322,0
,.000598541,0
,.000591634,0
,.000591405,0
,.000592154,0
,.000598409,0
,.000598284,0
,.000595444,0
,.000594218,0
,.000593446,0
,.000596618,0
,.000600342,0
,.000598413,0
,.000592473,0
,.000594787,0
,.000590189,0
,.000597211,0
,.000596573,0
,.000584023,0
,.000597019,0
,.000593519,0
,.000597131,0
,.000594051,0
,.000593745,0
,.000596266,0
,.000597676,0
,.000596535,0
,.000588655,0
,.000595189,0
,.000600325,0
,.000593016,0
,.000598522,0
,.000591835,0
,.000598035,0
,.000601037,0
,.000593804,0
,.000599917,0
,.000592866,0
,.000600711,0
,.000594351,0
,.000592708,0
,.000599605,0
,.000588812,0
,.000595294,0
,.000600881,0
,.000593781,0
,.000594018,0
,.000594836,0
,.000591090,0
,.000595479,0
,.000593944,0
,.000599029,0
,.000593690,0
,.000636669,0
,.000595516,0
,.000597911,0
,.000594741,0
,.000583590,0
,.000639735,0
,.000599076,0
,.000594694,0
,.000594768,0
,.000598270,0
,.000663141,0
,.000591543,0
,.000596709,0
,.000596993,0
,.000589586,0
,.000625429,0
,.000591218,0
,.000591625,0
,.000596441,0
,.000602046,0
,.000634223,0
,.000594695,0
,.000601673,0
,.000597927,0
,.000587093,0
,.000637860,0
,.000596467,0
,.000598339,0
,.000594885,0
,.000593483,0
,.000639105,0
,.000591142,0
,.000595397,0
,.000590366,0
,.000596638,0
,.000636345,0
,.000594653,0
,.000592697,0
,.000593991,0
,.000592463,0
,.000635635,0
,.000591678,0
,.000587873,0
,.000594335,0
,.000598749,0
,.000597096,0
,.000597844,0
,.000593719,0
,.000592710,0
,.000597488,0
,.000595246,0
,.000596916,0
,.000592827,0
,.000590674,0
,.000590750,0
,.000591668,0
,.000599451,0
,.000593041,0
,.000596102,0
,.000596815,0
,.000598866,0
,.000591610,0
,.000601932,0
,.000593338,0
,.000592621,0
,.000592417,0
,.000598593,0
,.000595180,0
,.000597729,0
,.000594379,0
,.000595909,0
,.000590197,0
,.000604148,0
,.000591173,0
,.000591352,0
,.000595998,0
,.000587409,0
,.000599883,0
,.000594738,0
,.000594617,0
,.000592046,0
,.000595830,0
,.000595944,0
,.000591937,0
,.000593814,0
,.000599100,0
,.000596143,0
,.000597492,0
,.000591042,0
,.000588398,0
,.000593967,0
,.000584997,0
,.000616996,0
,.000588916,0
,.000593745,0
,.000591889,0
,.000603930,0
,.000606918,0
,.000595898,0
,.000591892,0
,.000597627,0
,.000599852,0
,.000599493,0
,.000594944,0
,.000594420,0
,.000591366,0
,.000590267,0
,.000588402,0
,.000592442,0
,.000596794,0
,.000593257,0
,.000594099,0
,.000595469,0
,.000598792,0
,.000595030,0
,.000593063,0
,.000594239,0
,.000601227,0
,.000594994,0
,.000637703,0
,.000594120,0
,.000596406,0
,.000596561,0
,.000596023,0
,.000636561,0
,.000599311,0
,.000594099,0
,.000597028,0
,.000602567,0
,.000660677,0
,.000589755,0
,.000596927,0
,.000601937,0
,.000591973,0
,.000641766,0
,.000591614,0
,.000595164,0
,.000589067,0
,.000597535,0
,.000630617,0
,.000591464,0
,.000586573,0
,.000590142,0
,.000598979,0
,.000645150,0
,.000594751,0
,.000596100,0
,.000593696,0
,.000598953,0
,.000595336,0
,.000598788,0
,.000594835,0
,.000595730,0
,.000594819,0
,.000631849,0
,.000594486,0
,.000596641,0
,.000596941,0
,.000596262,0
,.000636267,0
,.000586601,0
,.000596394,0
,.000596912,0
,.000589616,0
,.000594279,0
,.000593089,0
,.000594581,0
,.000593600,0
,.000593316,0
,.000597351,0
,.000590148,0
,.000592191,0
,.000591332,0
,.000593500,0
,.000593830,0
,.000586028,0
,.000594677,0
,.000597663,0
,.000595228,0
,.000595683,0
,.000591085,0
,.000602405,0
,.000595751,0
,.000594510,0
,.000601543,0
,.000596897,0
,.000602002,0
,.000589598,0
,.000591273,0
,.000585655,0
,.000595455,0
,.000602276,0
,.003534409,0
,.000593405,0
,.000601211,0
,.000596343,0
,.000592982,0
,.000596945,0
,.000600207,0
,.000600954,0
,.000591647,0
,.000591622,0
,.000595831,0
,.000597347,0
,.000596780,0
,.000593950,0
,.000588676,0
,.000595489,0
,.000592002,0
,.000604953,0
,.000597720,0
,.000590886,0
,.000599186,0
,.000598147,0
,.000598991,0
,.000593902,0
,.000594525,0
,.000596557,0
,.000597654,0
,.000603721,0
,.000592020,0
,.000588864,0
,.000593797,0
,.000598474,0
,.000607819,0
,.000602742,0
,.000597218,0
,.000592681,0
,.000597448,0
,.000599206,0
,.000595486,0
,.000593653,0
,.000591763,0
,.000595647,0
,.000606592,0
,.000584882,0
,.000582454,0
,.000582482,0
,.000577943,0
,.000590388,0
,.000584931,0
,.000580799,0
,.000585898,0
,.000586241,0
,.000590868,0
,.000574430,0
,.000587016,0
,.000584957,0
,.000579604,0
,.000587711,0
,.000583438,0
,.000583363,0
,.000592489,0
,.000584787,0
,.000594985,0
,.000580470,0
,.000579851,0
,.000586456,0
,.000587543,0
,.000584179,0
,.000586467,0
,.000587182,0
,.000586128,0
,.000580061,0
,.000586788,0
,.000586146,0
,.000580427,0
,.000584055,0
,.000586466,0
,.000573960,0
,.000576279,0
,.000580189,0
,.000588579,0
,.000578316,0
,.000591281,0
,.000582135,0
,.000581941,0
,.000584854,0
,.000584845,0
,.000579590,0
,.000575101,0
,.000578492,0
,.000625958,0
,.000580514,0
,.008254336,0
,.000601421,0
,.000593994,0
,.000651034,0
,.000605246,0
,.000600112,0
,.000598074,0
,.000592196,0
,.000620086,0
,.000594002,0
,.000594573,0
,.000597825,0
,.000599613,0
,.000601886,0
,.000592271,0
,.000592983,0
,.000592823,0
,.000593315,0
,.000595091,0
,.000594005,0
,.000637177,0
,.000593638,0
,.000595503,0
,.000600583,0
,.000596590,0
,.000645977,0
,.000595647,0
,.000588436,0
,.000598374,0
,.000596617,0
,.000707561,0
,.000592339,0
,.000593005,0
,.000596154,0
,.000595211,0
,.000713299,0
,.000597230,0
,.000591677,0
,.000594654,0
,.000596809,0
,.000600953,0
,.000592988,0
,.000604243,0
,.000592380,0
,.000600736,0
,.000599216,0
,.000603330,0
,.000633456,0
,.000594307,0
,.000591073,0
,.000588509,0
,.000597334,0
,.000626842,0
,.000594803,0
,.000596737,0
,.000596389,0
,.000592879,0
,.000628329,0
,.000590194,0
,.000584294,0
,.000593446,0
,.000599676,0
,.000599743,0
,.000591513,0
,.000587874,0
,.000582410,0
,.000591136,0
,.000606522,0
,.000597606,0
,.000589929,0
,.000587011,0
,.000585480,0
,.000644756,0
,.000589994,0
,.000591222,0
,.000592882,0
,.000595936,0
,.000592830,0
,.000594068,0
,.000594984,0
,.000595459,0
,.000593362,0
,.000599776,0
,.000593130,0
,.000624563,0
,.000594027,0
,.000593988,0
,.000588787,0
,.000594494,0
,.000636329,0
,.000594257,0
,.000590051,0
,.000597147,0
,.000596369,0
,.000649987,0
,.000596764,0
,.000598097,0
,.000598314,0
,.000594612,0
,.000634047,0
,.000592320,0
,.000594139,0
,.000600640,0
,.000594738,0
,.000637970,0
,.000591405,0
,.000591287,0
,.000594856,0
,.000595673,0
,.000643548,0
,.000600585,0
,.000592817,0
,.000595258,0
,.000595863,0
,.000635681,0
,.000589946,0
,.000591012,0
,.000585827,0
,.000597673,0
,.000635730,0
,.000592021,0
,.000599668,0
,.000593127,0
,.000591550,0
,.000644117,0
,.000596243,0
,.000592170,0
,.000596824,0
,.000594779,0
,.000598734,0
,.000603001,0
,.000590524,0
,.000598692,0
,.000593446,0
,.000598076,0
,.000597510,0
,.000595958,0
,.000593977,0
,.000595448,0
,.000595151,0
,.000593095,0
,.000604617,0
,.000595433,0
,.000593384,0
,.000595995,0
,.000595968,0
,.000603159,0
,.000591105,0
,.000598188,0
,.000595085,0
,.000589812,0
,.000605871,0
,.000593165,0
,.000589706,0
,.000589698,0
,.000592158,0
,.000595176,0
,.000593126,0
,.000592781,0
,.000595785,0
,.000592525,0
,.000593472,0
,.000595735,0
,.000601523,0
,.000594888,0
,.000595539,0
,.000609396,0
,.000591898,0
,.000595865,0
,.000587720,0
,.000596072,0
,.000599365,0
,.000589777,0
,.000592025,0
,.000597919,0
,.000587206,0
,.000603752,0
,.000588556,0
,.000589907,0
,.000595648,0
,.000592666,0
,.000599623,0
,.000596178,0
,.000598055,0
,.000597625,0
,.000596776,0
,.000596398,0
,.000587925,0
,.000599068,0
,.000597486,0
,.000600798,0
,.000603698,0
,.000597323,0
,.000591603,0
,.000592666,0
,.000593874,0
,.000593649,0
,.000597749,0
,.000634013,0
,.000592731,0
,.000590139,0
,.000599873,0
,.000594634,0
,.000637722,0
,.000595647,0
,.000598124,0
,.000591156,0
,.000595603,0
,.000629595,0
,.000599332,0
,.000596751,0
,.000599799,0
,.000591287,0
,.000641551,0
,.000580536,0
,.000580381,0
,.000582072,0
,.000582302,0
,.000624290,0
,.000579941,0
,.000582089,0
,.000575098,0
,.000580427,0
,.000629649,0
,.000584392,0
,.000579991,0
,.000577551,0
,.000583518,0
,.000580193,0
,.000583805,0
,.000581539,0
,.000581594,0
,.000582877,0
,.000583284,0
,.000582292,0
,.000583150,0
,.000582316,0
,.000583545,0
,.000583315,0
,.000585874,0
,.000582251,0
,.000589324,0
,.000583541,0
,.000584901,0
,.000581913,0
,.000577926,0
,.000580724,0
,.000584193,0
,.000581238,0
,.000582066,0
,.000578613,0
,.000590742,0
,.000583606,0
,.000580715,0
,.000581696,0
,.000580296,0
,.000591125,0
,.000584904,0
,.000587209,0
,.000576545,0
,.000580239,0
,.000587133,0
,.000581066,0
,.000584575,0
,.000584189,0
,.000582913,0
,.000578448,0
,.000580101,0
,.000585483,0
,.000585224,0
,.000581347,0
,.000578504,0
,.000580481,0
,.000580005,0
,.000583085,0
,.000584766,0
,.000584076,0
,.000585714,0
,.000579079,0
,.000628416,0
,.000583184,0
,.000585910,0
,.000582178,0
,.000585094,0
,.000624252,0
,.000584905,0
,.000582469,0
,.000574366,0
,.000584174,0
,.000624917,0
,.000583657,0
,.000584012,0
,.000583465,0
,.000586172,0
,.000625114,0
,.000581179,0
,.000576357,0
,.000576250,0
,.000581465,0
,.000627113,0
,.000583382,0
,.000580529,0
,.000579993,0
,.000579864,0
,.000585843,0
,.000582489,0
,.000583540,0
,.000582556,0
,.000581756,0
,.000575522,0
,.000581717,0
,.000576123,0
,.000577138,0
,.000574100,0
,.000581966,0
,.000582030,0
,.000588156,0
,.000592885,0
,.000578493,0
,.000586904,0
,.000584203,0
,.000580888,0
,.000582931,0
,.000578788,0
,.000579340,0
,.000585012,0
,.000585739,0
,.000584348,0
,.000578575,0
,.000576474,0
,.000571710,0
,.000583124,0
,.000588684,0
,.000578091,0
,.000582166,0
,.000584317,0
,.000581922,0
,.000587989,0
,.000583880,0
,.000582505,0
,.000582426,0
,.000585899,0
,.000584093,0
,.000582927,0
,.000580249,0
,.000588388,0
,.000581938,0
,.000578665,0
,.000584207,0
,.000581118,0
,.000593646,0
,.000588745,0
,.000581896,0
,.000582983,0
,.000581945,0
,.000644833,0
,.000586606,0
,.000577012,0
,.000586018,0
,.000581776,0
,.000627421,0
,.000585670,0
,.000582240,0
,.000578312,0
,.000578351,0
,.000627150,0
,.000582113,0
,.000584669,0
,.000586735,0
,.000579050,0
,.000628012,0
,.000585275,0
,.000578063,0
,.000582938,0
,.000573505,0
,.000618519,0
,.000579501,0
,.000576054,0
,.000582759,0
,.000582691,0
,.000628834,0
,.000579483,0
,.000585813,0
,.000582742,0
,.000580903,0
,.000575014,0
,.000573524,0
,.000575901,0
,.000582144,0
,.000578880,0
,.000586189,0
,.000579677,0
,.000578987,0
,.000587111,0
,.000588467,0
,.000583018,0
,.000584591,0
,.000584015,0
,.000589535,0
,.000582903,0
,.000579061,0
,.000580445,0
,.000578633,0
,.000588182,0
,.000577324,0
,.000584432,0
,.000585300,0
,.000579334,0
,.000623778,0
,.000584522,0
,.000582868,0
,.000585513,0
,.000584986,0
,.000593724,0
,.000583635,0
,.000581698,0
,.000580558,0
,.000580688,0
,.000591962,0
,.000586965,0
,.000583283,0
,.000585490,0
,.000583159,0
,.000577206,0
,.000578893,0
,.000580576,0
,.000583466,0
,.000580883,0
,.000585143,0
,.000590252,0
,.000582153,0
,.000625996,0
,.000588746,0
,.000585029,0
,.000575984,0
,.000578824,0
,.000622246,0
,.000581355,0
,.000576710,0
,.000586606,0
,.000582729,0
,.000620634,0
,.000583061,0
,.000587559,0
,.000585643,0
,.000582996,0
,.000626589,0
,.000579493,0
,.000584941,0
,.000585429,0
,.000584205,0
,.000621085,0
,.000579407,0
,.000577108,0
,.000582472,0
,.000578760,0
,.000627235,0
,.000589156,0
,.000579362,0
,.000589006,0
,.000593107,0
,.000584817,0
,.000582328,0
,.000581848,0
,.000584883,0
,.000583292,0
,.000581076,0
,.000570808,0
,.000581908,0
,.000589540,0
,.000579731,0
,.000576883,0
,.000586851,0
,.000582444,0
,.000586166,0
,.000585123,0
,.000587075,0
,.000584737,0
,.000580345,0
,.000579168,0
,.000583156,0
,.000584446,0
,.000579339,0
,.000577226,0
,.000622992,0
,.000583001,0
,.000581084,0
,.000584221,0
,.000587862,0
,.000584267,0
,.000580084,0
,.000582824,0
,.000584567,0
,.000579551,0
,.000588193,0
,.000580758,0
,.000584093,0
,.000584267,0
,.000582309,0
,.000588258,0
,.000579036,0
,.000578060,0
,.000588143,0
,.000582401,0
,.000579744,0
,.000587018,0
,.000577826,0
,.000581359,0
,.000577270,0
,.000585104,0
,.000586460,0
,.000580149,0
,.000622466,0
,.000574102,0
,.000581652,0
,.000583789,0
,.000581398,0
,.000628467,0
,.000579846,0
,.000584956,0
,.000578391,0
,.000581901,0
,.000627314,0
,.000588780,0
,.000588287,0
,.000584980,0
,.000579039,0
,.000630100,0
,.000578328,0
,.000577437,0
,.000586795,0
,.000580605,0
,.000630784,0
,.000582118,0
,.000579262,0
,.000569592,0
,.000579187,0
,.000629884,0
,.000583379,0
,.000573270,0
,.000584889,0
,.000583985,0
,.000583490,0
,.000580018,0
,.000589492,0
,.000575238,0
,.000580865,0
,.000581654,0
,.000581814,0
,.000578172,0
,.000585907,0
,.000582705,0
,.000582558,0
,.000578275,0
,.000581326,0
,.000584885,0
,.000583041,0
,.000583452,0
,.000584628,0
,.000575904,0
,.000581751,0
,.000587074,0
,.000583931,0
,.000580288,0
,.000586902,0
,.000594994,0
,.000580919,0
,.000577259,0
,.000572504,0
,.000582665,0
,.000588538,0
,.000579650,0
,.000577161,0
,.000584575,0
,.000584330,0
,.000584740,0
,.000586826,0
,.000580113,0
,.000584454,0
,.000582558,0
,.000584333,0
,.000577049,0
,.000587648,0
,.000577152,0
,.000585791,0
,.000585268,0
,.000583004,0
,.000572268,0
,.000620764,0
,.000577413,0
,.000585618,0
,.000577635,0
,.000585016,0
,.000626051,0
,.000575504,0
,.000579363,0
,.000577214,0
,.000587052,0
,.000623443,0
,.000587494,0
,.000577890,0
,.000584421,0
,.000580583,0
,.000629237,0
,.000581283,0
,.000584820,0
,.000581759,0
,.000579374,0
,.000622659,0
,.000583384,0
,.000582288,0
,.000585657,0
,.000582825,0
,.000622433,0
,.000585846,0
,.000583645,0
,.000590278,0
,.000586488,0
,.000586742,0
,.000577222,0
,.000586679,0
,.000587321,0
,.000584805,0
,.000579387,0
,.000578030,0
,.000585347,0
,.000589905,0
,.000586286,0
,.000586214,0
,.000608216,0
,.000611193,0
,.000579004,0
,.000605475,0
,.000651602,0
,.000582494,0
,.000572318,0
,.000620533,0
,.000581544,0
,.000580331,0
,.000590886,0
,.000577563,0
,.000625637,0
,.000584333,0
,.000581448,0
,.000574338,0
,.000579979,0
,.000627978,0
,.000582294,0
,.000587905,0
,.000582278,0
,.000586749,0
,.000629178,0
,.000580119,0
,.000581491,0
,.000576776,0
,.000584003,0
,.000618928,0
,.000585426,0
,.000585367,0
,.000580420,0
,.000581560,0
,.000624922,0
,.000585074,0
,.000580245,0
,.000577849,0
,.000584683,0
,.000614503,0
,.000584081,0
,.000582338,0
,.000585728,0
,.000582352,0
,.000602858,0
,.000579481,0
,.000580953,0
,.000584744,0
,.000579055,0
,.000619989,0
,.000587852,0
,.000584576,0
,.000582137,0
,.000579346,0
,.000620925,0
,.000585624,0
,.000585083,0
,.000587176,0
,.000580908,0
,.000619414,0
,.000579165,0
,.000582938,0
,.000581609,0
,.000579145,0
,.000595505,0
,.000586124,0
,.000585227,0
,.000582706,0
,.000582701,0
,.000584498,0
,.000583072,0
,.000576683,0
,.000584639,0
,.000582933,0
,.000577964,0
,.000579227,0
,.000583993,0
,.000626358,0
,.000583600,0
,.000577920,0
,.000578171,0
,.000580925,0
,.000625263,0
,.000580628,0
,.000581786,0
,.000583393,0
,.000579142,0
,.000586231,0
,.000587925,0
,.000581102,0
,.000582575,0
,.000582206,0
,.000621301,0
,.000584093,0
,.000580943,0
,.000577123,0
,.000581333,0
,.000636555,0
,.000584099,0
,.000586232,0
,.000584161,0
,.000584877,0
,.000615247,0
,.000579872,0
,.000573350,0
,.000578532,0
,.000585643,0
,.000587523,0
,.000578562,0
,.000582596,0
,.000581586,0
,.000574167,0
,.000585703,0
,.000587425,0
,.000586979,0
,.000585049,0
,.000581427,0
,.000580028,0
,.000580933,0
,.000581433,0
,.000591064,0
,.000585635,0
,.000580893,0
,.000584993,0
,.000584610,0
,.000589955,0
,.000579814,0
,.000582861,0
,.000580136,0
,.000580390,0
,.000589172,0
,.000578644,0
,.000583068,0
,.000584017,0
,.000583458,0
,.000589690,0
,.000579452,0
,.000586460,0
,.000582644,0
,.000585170,0
,.000591127,0
,.000579026,0
,.000579589,0
,.000582250,0
,.000584737,0
,.000580482,0
,.000583815,0
,.000582278,0
,.000580249,0
,.000581364,0
,.000579171,0
,.000580165,0
,.000583748,0
,.000619989,0
,.000583756,0
,.000582838,0
,.000584218,0
,.000582094,0
,.000622743,0
,.000582021,0
,.000578522,0
,.000584018,0
,.000583874,0
,.000627881,0
,.000581337,0
,.000581112,0
,.000577717,0
,.000580612,0
,.000631538,0
,.000583714,0
,.000579745,0
,.000584583,0
,.000583272,0
,.000626006,0
,.000577053,0
,.000584462,0
,.000587975,0
,.000582727,0
,.000587914,0
,.000582847,0
,.000579248,0
,.000578520,0
,.000578481,0
,.000580826,0
,.000585500,0
,.000575608,0
,.000588444,0
,.000573685,0
,.000581034,0
,.000579180,0
,.000583715,0
,.000595370,0
,.000585010,0
,.000581854,0
,.000584748,0
,.000583519,0
,.000581549,0
,.000580239,0
,.000582262,0
,.000582268,0
,.000580625,0
,.000589538,0
,.000581857,0
,.000585350,0
,.000579403,0
,.000584400,0
,.000585985,0
,.000574496,0
,.000589705,0
,.000580769,0
,.000578914,0
,.000587534,0
,.000584953,0
,.000583489,0
,.000585347,0
,.000577451,0
,.000592187,0
,.000585826,0
,.000584546,0
,.000580328,0
,.000582577,0
,.000584308,0
,.000585044,0
,.000579964,0
,.000579739,0
,.000584452,0
,.000583149,0
,.000585746,0
,.000580266,0
,.000628242,0
,.000577985,0
,.000587947,0
,.000584702,0
,.000585351,0
,.000620838,0
,.000583922,0
,.000582690,0
,.000580582,0
,.000576831,0
,.000583895,0
,.000583708,0
,.000581298,0
,.000577415,0
,.000587605,0
,.000623910,0
,.000580655,0
,.000574296,0
,.000584258,0
,.000572121,0
,.000638691,0
,.000585191,0
,.000581068,0
,.000584909,0
,.000582752,0
,.000615380,0
,.000587427,0
,.000583524,0
,.000582637,0
,.000580461,0
,.000576377,0
,.000584451,0
,.000586796,0
,.000579558,0
,.000579350,0
,.000577871,0
,.000583523,0
,.000581738,0
,.000581269,0
,.000582331,0
,.000575135,0
,.000585318,0
,.000582096,0
,.000577344,0
,.000579637,0
,.000585386,0
,.000584099,0
,.000579385,0
,.000586772,0
,.000587229,0
,.000587255,0
,.000583271,0
,.000579180,0
,.000587153,0
,.000581058,0
,.007962751,0
,.000583199,0
,.000586076,0
,.000583268,0
,.000583994,0
,.000577143,0
,.000582124,0
,.000573959,0
,.000581990,0
,.000572172,0
,.000575280,0
,.000629360,0
,.000586021,0
,.000589435,0
,.000587173,0
,.000585617,0
,.000628134,0
,.000575922,0
,.000579498,0
,.000581485,0
,.000578739,0
,.000622865,0
,.000578950,0
,.000575075,0
,.000581039,0
,.000589142,0
,.000627206,0
,.000587633,0
,.000584543,0
,.000585349,0
,.000577329,0
,.000621580,0
,.000585547,0
,.000583969,0
,.000580373,0
,.000581082,0
,.000583527,0
,.000585287,0
,.000587805,0
,.000583022,0
,.000585572,0
,.000579499,0
,.000583589,0
,.000583605,0
,.000587503,0
,.000588721,0
,.000582396,0
,.000582560,0
,.000581959,0
,.000583569,0
,.000581023,0
,.000580978,0
,.000583156,0
,.000586104,0
,.000578647,0
,.000579541,0
,.000582568,0
,.000583508,0
,.000582539,0
,.000589410,0
,.000584816,0
,.000584862,0
,.000577687,0
,.000576792,0
,.000583422,0
,.000585602,0
,.000582797,0
,.000580836,0
,.000580662,0
,.000587711,0
,.000584401,0
,.000581628,0
,.000577794,0
,.000581533,0
,.000586079,0
,.000578841,0
,.000582869,0
,.000585822,0
,.000588466,0
,.000583549,0
,.000579215,0
,.000577809,0
,.000575516,0
,.000585738,0
,.000583352,0
,.000577598,0
,.000580679,0
,.000629837,0
,.000586639,0
,.000580644,0
,.000586567,0
,.000581182,0
,.000623747,0
,.000577966,0
,.000582129,0
,.000588768,0
,.000580904,0
,.000630147,0
,.000585447,0
,.000582842,0
,.000580564,0
,.000575156,0
,.000621375,0
,.000581642,0
,.000582064,0
,.000577303,0
,.000580950,0
,.000625511,0
,.000584464,0
,.000577601,0
,.000586224,0
,.000579668,0
,.000628172,0
,.000586697,0
,.000582247,0
,.000578560,0
,.000577663,0
,.000579358,0
,.000582373,0
,.000579719,0
,.000583842,0
,.000579858,0
,.000588282,0
,.000584708,0
,.000584124,0
,.000587839,0
,.000574872,0
,.000584313,0
,.000573228,0
,.000572428,0
,.000587728,0
,.000583164,0
,.000581423,0
,.000582716,0
,.000590537,0
,.000671831,0
,.000583688,0
,.000586542,0
,.000577835,0
,.000582638,0
,.000591182,0
,.000582035,0
,.000580173,0
,.005871713,0
,.000582553,0
,.000581939,0
,.000576348,0
,.000588691,0
,.002244237,0
,.000594572,0
,.000593745,0
,.000600966,0
,.000593660,0
,.000589787,0
,.000595642,0
,.000592713,0
,.000581977,0
,.000592699,0
,.000595603,0
,.000592823,0
,.000595973,0
,.000593496,0
,.000592152,0
,.000593185,0
,.000591391,0
,.000598223,0
,.000597233,0
,.000601170,0
,.000638993,0
,.000590177,0
,.000590753,0
,.000595753,0
,.000598044,0
,.000649105,0
,.000595767,0
,.000593222,0
,.000593991,0
,.000590766,0
,.000633401,0
,.000595451,0
,.000594952,0
,.000597575,0
,.000601136,0
,.000637259,0
,.000598313,0
,.000594901,0
,.000597274,0
,.000595843,0
,.000634873,0
,.000595738,0
,.000596237,0
,.000592273,0
,.000592177,0
,.000640257,0
,.000596443,0
,.000589112,0
,.000595834,0
,.000595355,0
,.000637840,0
,.000592282,0
,.000596809,0
,.000594709,0
,.000591217,0
,.000628838,0
,.000597882,0
,.000596958,0
,.000590569,0
,.000589252,0
,.000643435,0
,.000595092,0
,.000598253,0
,.000597072,0
,.000592105,0
,.000598208,0
,.000593854,0
,.000599802,0
,.000590469,0
,.000591721,0
,.000603355,0
,.000591800,0
,.000583217,0
,.000594377,0
,.000593687,0
,.000599192,0
,.000593549,0
,.000601211,0
,.000594016,0
,.000595513,0
,.000596083,0
,.000601399,0
,.000605802,0
,.000597038,0
,.000602141,0
,.000597733,0
,.000592265,0
,.000600007,0
,.000592280,0
,.000589320,0
,.000597967,0
,.000595586,0
,.000595176,0
,.000594588,0
,.000594360,0
,.000596554,0
,.000592250,0
,.000598071,0
,.000594779,0
,.000598668,0
,.000597768,0
,.000592179,0
,.000605199,0
,.000594710,0
,.000592596,0
,.000596236,0
,.000597771,0
,.000600497,0
,.000599453,0
,.000599191,0
,.000589823,0
,.000593164,0
,.000608125,0
,.000594573,0
,.000595838,0
,.000598447,0
,.000592606,0
,.000600192,0
,.000600594,0
,.000594594,0
,.000594526,0
,.000596643,0
,.000592768,0
,.000600046,0
,.000596432,0
,.000591735,0
,.000592920,0
,.000598552,0
,.000599300,0
,.000642729,0
,.000591132,0
,.000594528,0
,.000602219,0
,.000598580,0
,.000638103,0
,.000599775,0
,.000600488,0
,.000596369,0
,.000594068,0
,.000637923,0
,.000594729,0
,.000591172,0
,.000596364,0
,.000589836,0
,.000632646,0
,.000584737,0
,.000600046,0
,.000592633,0
,.000596677,0
,.000602700,0
,.000594214,0
,.000595003,0
,.000596132,0
,.000598545,0
,.000639427,0
,.000598078,0
,.000593748,0
,.000596915,0
,.000592096,0
,.000649235,0
,.000597220,0
,.000593645,0
,.000591743,0
,.000592390,0
,.000629156,0
,.000600827,0
,.000600055,0
,.000596848,0
,.000597270,0
,.000600028,0
,.000585433,0
,.000596240,0
,.000599480,0
,.000589741,0
,.000595879,0
,.000592205,0
,.000590801,0
,.000597479,0
,.000590585,0
,.000596741,0
,.000591045,0
,.000596470,0
,.000584468,0
,.000594266,0
,.000602322,0
,.000599118,0
,.000606218,0
,.000614404,0
,.000607056,0
,.000598425,0
,.000596813,0
,.000642150,0
,.000600232,0
,.000594542,0
,.000624455,0
,.000600853,0
,.000727899,0
,.000589732,0
,.000597263,0
,.000597780,0
,.000591812,0
,.000594038,0
,.000594834,0
,.000595156,0
,.000596124,0
,.000596250,0
,.000597472,0
,.000599514,0
,.000721157,0
,.000591654,0
,.000590742,0
,.000595274,0
,.000600784,0
,.000650208,0
,.000596425,0
,.000591211,0
,.000597110,0
,.000597090,0
,.000635545,0
,.000586965,0
,.000598451,0
,.000600188,0
,.000586994,0
,.000701210,0
,.000585652,0
,.000569916,0
,.000581645,0
,.000580693,0
,.000677067,0
,.000587101,0
,.000585464,0
,.000586710,0
,.000583407,0
,.000630773,0
,.000585072,0
,.000589121,0
,.000586891,0
,.002901132,0
,.000596815,0
,.000589493,0
,.000589593,0
,.000597545,0
,.000593910,0
,.000640578,0
,.000600120,0
,.000588485,0
,.000584243,0
,.000599633,0
,.000659940,0
,.000595975,0
,.000597499,0
,.000596901,0
,.000593982,0
,.000647374,0
,.000592645,0
,.000596701,0
,.000596185,0
,.000597847,0
,.000639125,0
,.000582055,0
,.000595662,0
,.000595937,0
,.000600720,0
,.000647039,0
,.000591900,0
,.000596847,0
,.000597634,0
,.000591263,0
,.000595343,0
,.000597840,0
,.000591001,0
,.000595192,0
,.000598141,0
,.000598349,0
,.000584148,0
,.000595123,0
,.000590980,0
,.000602915,0
,.000593122,0
,.000601371,0
,.000601547,0
,.000593431,0
,.000596079,0
,.000591409,0
,.000589193,0
,.000600243,0
,.000599566,0
,.000593592,0
,.000592262,0
,.000599152,0
,.000595872,0
,.000598124,0
,.000586646,0
,.000594630,0
,.000601558,0
,.000605569,0
,.000599205,0
,.000592748,0
,.000595688,0
,.000591908,0
,.000607491,0
,.000597225,0
,.000590231,0
,.000594690,0
,.000596932,0
,.000597678,0
,.000588428,0
,.000593976,0
,.000599575,0
,.000593297,0
,.000603438,0
,.000594087,0
,.000596994,0
,.000591590,0
,.000599952,0
,.000592560,0
,.000598926,0
,.000596952,0
,.000587692,0
,.000588973,0
,.000601480,0
,.000591195,0
,.000596013,0
,.000593880,0
,.000595503,0
,.000595782,0
,.000588627,0
,.000595440,0
,.000595476,0
,.000592818,0
,.000589060,0
,.000592580,0
,.000591116,0
,.000591185,0
,.000596573,0
,.000594097,0
,.000592528,0
,.000591164,0
,.000591242,0
,.000590541,0
,.000593025,0
,.000592095,0
,.000635506,0
,.000595304,0
,.000595400,0
,.000591511,0
,.000597702,0
,.000635631,0
,.000592603,0
,.000593259,0
,.000585674,0
,.000586887,0
,.000640425,0
,.000596498,0
,.000589332,0
,.000598800,0
,.000594082,0
,.000633625,0
,.000593727,0
,.000595606,0
,.000600572,0
,.000591360,0
,.000637035,0
,.000588570,0
,.000592764,0
,.000593290,0
,.000594598,0
,.000644353,0
,.000590417,0
,.000590688,0
,.000601804,0
,.000592700,0
,.000635690,0
,.000600961,0
,.000586880,0
,.000593633,0
,.000597796,0
,.000638608,0
,.000589981,0
,.000594608,0
,.000591788,0
,.000599622,0
,.000638744,0
,.000596285,0
,.000595039,0
,.000594849,0
,.000586356,0
,.000637843,0
,.000596548,0
,.000599180,0
,.000598600,0
,.000593166,0
,.000597559,0
,.000585419,0
,.000590024,0
,.000598524,0
,.000587787,0
,.000594329,0
,.000596882,0
,.000580326,0
,.000586122,0
,.000596610,0
,.000601054,0
,.000592348,0
,.000593923,0
,.000597812,0
,.000593851,0
,.000596051,0
,.000587297,0
,.000595991,0
,.000583647,0
,.000597846,0
,.000595091,0
,.000592720,0
,.000597152,0
,.000594267,0
,.000587177,0
,.000594794,0
,.000590433,0
,.000597328,0
,.000597653,0
,.000593849,0
,.000596425,0
,.000593048,0
,.000592348,0
,.000593273,0
,.000594152,0
,.000598847,0
,.000590528,0
,.000603383,0
,.000596252,0
,.000600681,0
,.000589912,0
,.000599821,0
,.000605504,0
,.000585068,0
,.000593851,0
,.000596227,0
,.000589872,0
,.000601975,0
,.000589082,0
,.000595390,0
,.000595800,0
,.000597245,0
,.000595642,0
,.000593450,0
,.000590439,0
,.000588577,0
,.000593927,0
,.000606363,0
,.000595290,0
,.000600292,0
,.000596091,0
,.000598038,0
,.000597256,0
,.000598348,0
,.000593747,0
,.000595431,0
,.000585481,0
,.000600505,0
,.000596688,0
,.000601323,0
,.000597659,0
,.000592934,0
,.000591679,0
,.000597040,0
,.000590006,0
,.000591916,0
,.000587632,0
,.000602024,0
,.000597950,0
,.000607568,0
,.000588844,0
,.000599077,0
,.000593399,0
,.000591815,0
,.000633539,0
,.000593288,0
,.000594863,0
,.000600069,0
,.000592868,0
,.000658435,0
,.000586444,0
,.000588718,0
,.000583719,0
,.000591869,0
,.000610206,0
,.000581994,0
,.000579709,0
,.000582243,0
,.000582008,0
,.000622745,0
,.000586649,0
,.000579696,0
,.000586238,0
,.000584862,0
,.000577161,0
,.000584844,0
,.000582384,0
,.000584101,0
,.000582328,0
,.000580704,0
,.000573638,0
,.000578236,0
,.000588852,0
,.000584541,0
,.000571498,0
,.000588122,0
,.000574263,0
,.000586052,0
,.000577448,0
,.000587032,0
,.000579209,0
,.000576067,0
,.000589941,0
,.000578846,0
,.000580787,0
,.000581063,0
,.000582301,0
,.000585051,0
,.000585523,0
,.000587511,0
,.000584788,0
,.000574540,0
,.000589672,0
,.000587641,0
,.000583392,0
,.000587371,0
,.000585311,0
,.000593980,0
,.000578709,0
,.000575712,0
,.000581707,0
,.000574299,0
,.000575808,0
,.000584476,0
,.000588800,0
,.000583494,0
,.000583095,0
,.000581175,0
,.000582661,0
,.000577545,0
,.000586202,0
,.000579367,0
,.000574045,0
,.000581635,0
,.000589809,0
,.000581090,0
,.000580130,0
,.000585231,0
,.000583166,0
,.000580164,0
,.000621353,0
,.000587373,0
,.000581145,0
,.000585090,0
,.000584204,0
,.000625498,0
,.000575351,0
,.000575779,0
,.000578037,0
,.000576089,0
,.000609756,0
,.000579851,0
,.000574558,0
,.000585033,0
,.000583321,0
,.000612889,0
,.000582987,0
,.000583072,0
,.000583875,0
,.000587462,0
,.000584502,0
,.000584545,0
,.000586976,0
,.000580711,0
,.000583399,0
,.000583012,0
,.000578060,0
,.000577510,0
,.000584080,0
,.000582535,0
,.000581156,0
,.000579189,0
,.000582216,0
,.000622106,0
,.000580828,0
,.000580515,0
,.000580163,0
,.000570549,0
,.000590207,0
,.000587215,0
,.000588792,0
,.000582555,0
,.000581361,0
,.000582534,0
,.000570639,0
,.000586824,0
,.000582613,0
,.000582007,0
,.000587255,0
,.000585798,0
,.000586465,0
,.000582635,0
,.000586929,0
,.000591068,0
,.000587630,0
,.000587827,0
,.000583421,0
,.000581490,0
,.000586444,0
,.000585477,0
,.000586945,0
,.000588028,0
,.000584168,0
,.000584725,0
,.000584492,0
,.000573687,0
,.000582512,0
,.000582692,0
,.000581736,0
,.000581318,0
,.000581609,0
,.000576809,0
,.000573474,0
,.000580494,0
,.000586412,0
,.000581753,0
,.000621413,0
,.000579061,0
,.000580354,0
,.000584120,0
,.000581557,0
,.000629344,0
,.000582977,0
,.000584064,0
,.000581691,0
,.000589226,0
,.000617572,0
,.000586835,0
,.000582128,0
,.000583243,0
,.000580154,0
,.000617619,0
,.000580930,0
,.000585566,0
,.000582097,0
,.000578623,0
,.000625433,0
,.000580568,0
,.000579310,0
,.000586423,0
,.000582169,0
,.000585329,0
,.000581664,0
,.000579404,0
,.000582803,0
,.000584258,0
,.000579118,0
,.000584092,0
,.000582502,0
,.000581672,0
,.000580391,0
,.000586660,0
,.000583449,0
,.000584245,0
,.000586791,0
,.000586299,0
,.000573764,0
,.000585106,0
,.000583550,0
,.000600753,0
,.000584094,0
,.000580634,0
,.000584318,0
,.000584187,0
,.000589749,0
,.000585278,0
,.000584514,0
,.000588041,0
,.000582275,0
,.000588409,0
,.000579304,0
,.000584070,0
,.000580822,0
,.000576278,0
,.000584948,0
,.000575656,0
,.000584971,0
,.000581593,0
,.000578469,0
,.000582158,0
,.000583183,0
,.000581094,0
,.000585969,0
,.000583861,0
,.000581081,0
,.000580373,0
,.000582504,0
,.000577935,0
,.000584231,0
,.000579127,0
,.000585883,0
,.000589015,0
,.000586480,0
,.000584823,0
,.000581501,0
,.000582132,0
,.000581138,0
,.000630726,0
,.000580357,0
,.000585481,0
,.000586085,0
,.000581433,0
,.000613988,0
,.000574350,0
,.000575365,0
,.000577078,0
,.000560220,0
,.000617419,0
,.000577145,0
,.000587375,0
,.000573788,0
,.000583492,0
,.000625921,0
,.000586578,0
,.000577923,0
,.000581101,0
,.000583861,0
,.000584465,0
,.000586520,0
,.000582088,0
,.000579412,0
,.000584886,0
,.000580325,0
,.000585440,0
,.000579991,0
,.000590689,0
,.000585161,0
,.000584292,0
,.000582651,0
,.000585203,0
,.000583953,0
,.000575320,0
,.000580660,0
,.000584138,0
,.000581491,0
,.000584826,0
,.000582936,0
,.000582532,0
,.000588477,0
,.000586841,0
,.000590626,0
,.000579566,0
,.000577241,0
,.000585190,0
,.000579304,0
,.000586191,0
,.000583308,0
,.000584496,0
,.000590032,0
,.000577559,0
,.000585691,0
,.000577819,0
,.000574719,0
,.000588434,0
,.000584782,0
,.000586342,0
,.000576303,0
,.000584609,0
,.000588522,0
,.000571046,0
,.000581376,0
,.000588914,0
,.000578246,0
,.000585342,0
,.000583646,0
,.000584418,0
,.000577506,0
,.000578509,0
,.000632700,0
,.000584842,0
,.000584405,0
,.000581682,0
,.000580534,0
,.000608899,0
,.000575799,0
,.000581518,0
,.000585044,0
,.000584114,0
,.000621098,0
,.000580150,0
,.000575628,0
,.000578188,0
,.000579622,0
,.000627005,0
,.000588620,0
,.000583871,0
,.000585058,0
,.000585951,0
,.000619160,0
,.000583060,0
,.000582979,0
,.000586755,0
,.000584718,0
,.000582877,0
,.000573689,0
,.000578339,0
,.000589948,0
,.000583493,0
,.000657132,0
,.000599841,0
,.002091048,0
,.000640448,0
,.000635667,0
,.000650640,0
,.000585236,0
,.000582211,0
,.000579210,0
,.000584089,0
,.000579789,0
,.000589467,0
,.000578775,0
,.000575825,0
,.000574876,0
,.000587325,0
,.000585837,0
,.000579775,0
,.000578662,0
,.000584755,0
,.000582783,0
,.000598305,0
,.000588959,0
,.000594172,0
,.000628816,0
,.005729514,0
,.000608859,0
,.000598227,0
,.000593017,0
,.000590977,0
,.000594865,0
,.000591430,0
,.000583909,0
,.000666270,0
,.000602889,0
,.000593353,0
,.000596923,0
,.000593033,0
,.000629185,0
,.000599737,0
,.000596667,0
,.000591702,0
,.000586420,0
,.000652728,0
,.000595050,0
,.000586779,0
,.000599740,0
,.000601290,0
,.000611819,0
,.000596534,0
,.000600449,0
,.000598366,0
,.000588924,0
,.000599542,0
,.000593363,0
,.000587980,0
,.000583413,0
,.000595342,0
,.000667869,0
,.000592577,0
,.000598772,0
,.000599783,0
,.000596945,0
,.000595647,0
,.000596011,0
,.000599194,0
,.000592356,0
,.000592942,0
,.000593536,0
,.000586241,0
,.000596801,0
,.000600970,0
,.000593384,0
,.000593875,0
,.000596599,0
,.000597590,0
,.000597203,0
,.000594882,0
,.000597724,0
,.000598766,0
,.000601160,0
,.000595035,0
,.000591812,0
,.000598004,0
,.000586658,0
,.000598471,0
,.000597335,0
,.000589399,0
,.000598586,0
,.000597136,0
,.000639275,0
,.000597402,0
,.000592771,0
,.000596688,0
,.000592282,0
,.000608025,0
,.000597220,0
,.000599590,0
,.000593545,0
,.000585995,0
,.000597525,0
,.000589245,0
,.000602538,0
,.000596205,0
,.000598766,0
,.000602210,0
,.000600872,0
,.000596295,0
,.000590003,0
,.000594714,0
,.000594636,0
,.000597612,0
,.000592013,0
,.000596597,0
,.000589395,0
,.000597129,0
,.000591458,0
,.000593203,0
,.000593309,0
,.000595737,0
,.000593711,0
,.000597592,0
,.000631886,0
,.000590097,0
,.000597925,0
,.000598329,0
,.000592730,0
,.000640236,0
,.000595833,0
,.000596701,0
,.000595853,0
,.000592295,0
,.000636386,0
,.000594638,0
,.000600609,0
,.000603135,0
,.000596710,0
,.000640751,0
,.000595121,0
,.000590239,0
,.000589011,0
,.000600605,0
,.000642593,0
,.000595285,0
,.000601286,0
,.000599441,0
,.000593387,0
,.000642716,0
,.000598511,0
,.000593375,0
,.000587803,0
,.000594245,0
,.000602216,0
,.000591535,0
,.000601359,0
,.000597466,0
,.000589790,0
,.000639807,0
,.000594277,0
,.000594240,0
,.000597200,0
,.000590140,0
,.000604046,0
,.000595614,0
,.000591626,0
,.000591833,0
,.000589526,0
,.000603935,0
,.000593110,0
,.000589941,0
,.000598120,0
,.000593259,0
,.000594580,0
,.000598641,0
,.000601410,0
,.000600121,0
,.000596718,0
,.000595230,0
,.000597866,0
,.000599365,0
,.000594214,0
,.000593869,0
,.000594325,0
,.000597766,0
,.000599679,0
,.000591858,0
,.000596013,0
,.000598240,0
,.000598191,0
,.000602716,0
,.000596199,0
,.000593303,0
,.000597734,0
,.000600592,0
,.000599891,0
,.000595664,0
,.000590356,0
,.000599060,0
,.000590689,0
,.000601846,0
,.000596397,0
,.000590716,0
,.000594355,0
,.000596931,0
,.000600244,0
,.000598172,0
,.000590196,0
,.000594605,0
,.000600522,0
,.000596537,0
,.000595851,0
,.000593745,0
,.000589008,0
,.000595678,0
,.000607357,0
,.000598816,0
,.000593889,0
,.000592060,0
,.000588447,0
,.000599579,0
,.000600977,0
,.000596697,0
,.000592536,0
,.000592766,0
,.000599251,0
,.000595086,0
,.000596844,0
,.000589368,0
,.000594900,0
,.000599029,0
,.000596142,0
,.000596583,0
,.000589630,0
,.000591231,0
,.000592635,0
,.000594534,0
,.000597779,0
,.000595029,0
,.000600304,0
,.000589938,0
,.000598431,0
,.000603770,0
,.000593541,0
,.000596011,0
,.000599319,0
,.000592076,0
,.000648901,0
,.000592861,0
,.000593837,0
,.000600183,0
,.000594772,0
,.000592818,0
,.000595896,0
,.000595467,0
,.000596225,0
,.000595873,0
,.000611062,0
,.000597124,0
,.000601540,0
,.000597823,0
,.000599045,0
,.000650363,0
,.000583242,0
,.000594802,0
,.000602231,0
,.000595024,0
,.000669177,0
,.000588954,0
,.000602206,0
,.000597007,0
,.000592630,0
,.000598694,0
,.000592429,0
,.000596427,0
,.000599197,0
,.000595142,0
,.000612156,0
,.000593586,0
,.000592498,0
,.000597466,0
,.000597095,0
,.000587960,0
,.000590398,0
,.000591897,0
,.000595558,0
,.000595995,0
,.000599956,0
,.000596361,0
,.000595321,0
,.000599981,0
,.000588490,0
,.000595806,0
,.000600344,0
,.000602146,0
,.000597187,0
,.000586665,0
,.000595671,0
,.000594280,0
,.000602558,0
,.000590056,0
,.000589465,0
,.000595860,0
,.000587550,0
,.000603891,0
,.000596392,0
,.000597537,0
,.000598409,0
,.000591348,0
,.000590154,0
,.000591576,0
,.000592521,0
,.000598541,0
,.000594548,0
,.000592958,0
,.000592743,0
,.000596687,0
,.000601485,0
,.000595471,0
,.000603931,0
,.000592968,0
,.000594062,0
,.000595509,0
,.000593425,0
,.000606680,0
,.000600575,0
,.000597078,0
,.000595990,0
,.000595360,0
,.000600094,0
,.000591956,0
,.000595318,0
,.000598411,0
,.000592228,0
,.000601601,0
,.000588247,0
,.000588128,0
,.000589556,0
,.000587603,0
,.000600082,0
,.000594372,0
,.000598353,0
,.000599371,0
,.000595234,0
,.000596783,0
,.000592239,0
,.000598405,0
,.000592014,0
,.000595469,0
,.000597332,0
,.000589026,0
,.000592118,0
,.000592195,0
,.000592702,0
,.000597270,0
,.000603880,0
,.000642525,0
,.000593429,0
,.000587562,0
,.000594995,0
,.000596650,0
,.000636343,0
,.000595542,0
,.000595973,0
,.000598691,0
,.000595022,0
,.000632716,0
,.000597653,0
,.000599079,0
,.000591677,0
,.000600445,0
,.000605452,0
,.000592473,0
,.000592113,0
,.000599540,0
,.000588432,0
,.000635967,0
,.000599934,0
,.000599862,0
,.000595865,0
,.000591997,0
,.000634363,0
,.000589791,0
,.000590321,0
,.000597172,0
,.000590963,0
,.000661954,0
,.000587513,0
,.000597135,0
,.000590124,0
,.000602290,0
,.000631510,0
,.000597846,0
,.000586802,0
,.000590940,0
,.000594119,0
,.000636341,0
,.000596700,0
,.000601254,0
,.000594333,0
,.000599566,0
,.000591424,0
,.000595536,0
,.000592601,0
,.000598013,0
,.000597949,0
,.000599620,0
,.000592927,0
,.000603937,0
,.000601301,0
,.000600643,0
,.000588280,0
,.000595854,0
,.000603456,0
,.000591411,0
,.000592135,0
,.000591582,0
,.000590618,0
,.000597580,0
,.000591467,0
,.000601315,0
,.000593011,0
,.000589956,0
,.000597048,0
,.000591815,0
,.000594165,0
,.000594437,0
,.000591970,0
,.000609079,0
,.000589549,0
,.000595448,0
,.000588325,0
,.000593752,0
,.000598401,0
,.000590412,0
,.000596869,0
,.000590933,0
,.000594570,0
,.000596871,0
,.000597657,0
,.000597487,0
,.000596241,0
,.000594407,0
,.000602402,0
,.000599326,0
,.000587896,0
,.000596585,0
,.000590251,0
,.000598094,0
,.000599912,0
,.000597762,0
,.000593149,0
,.000593151,0
,.000598342,0
,.000596162,0
,.000590611,0
,.000595983,0
,.000595159,0
,.000599933,0
,.000594585,0
,.000596792,0
,.000595257,0
,.000597929,0
,.000587583,0
,.000597735,0
,.000638425,0
,.000595014,0
,.000594611,0
,.000593033,0
,.000593684,0
,.000657784,0
,.000583027,0
,.000585143,0
,.000579106,0
,.000587992,0
,.000587853,0
,.000585893,0
,.000576970,0
,.000577879,0
,.000588616,0
,.000586805,0
,.000584113,0
,.000587374,0
,.000584874,0
,.000584978,0
,.000585322,0
,.000588796,0
,.000574665,0
,.000582981,0
,.000574910,0
,.000579185,0
,.000577396,0
,.000585610,0
,.000585812,0
,.000582539,0
,.000587170,0
,.000585382,0
,.000586030,0
,.000587291,0
,.000581381,0
,.000582981,0
,.000581361,0
,.000578044,0
,.000576101,0
,.000588542,0
,.000578673,0
,.000586173,0
,.000587710,0
,.000592494,0
,.000586452,0
,.000584857,0
,.000580821,0
,.000587674,0
,.000583278,0
,.000581818,0
,.000581265,0
,.000585940,0
,.000577983,0
,.000589169,0
,.000582685,0
,.000585022,0
,.000584108,0
,.000577217,0
,.000575653,0
,.000585861,0
,.000581853,0
,.000590661,0
,.000590422,0
,.000584528,0
,.000576695,0
,.000585777,0
,.000626530,0
,.000588659,0
,.000585127,0
,.000589796,0
,.000580013,0
,.000625068,0
,.000583745,0
,.000582592,0
,.000582139,0
,.000581717,0
,.000627312,0
,.000584042,0
,.000578952,0
,.000585364,0
,.000580688,0
,.000631156,0
,.000582217,0
,.000583379,0
,.000582113,0
,.000582879,0
,.000620954,0
,.000584710,0
,.000585441,0
,.000582367,0
,.000582838,0
,.000619567,0
,.000580414,0
,.000577828,0
,.000579313,0
,.000581482,0
,.000580289,0
,.000579671,0
,.000584099,0
,.000580490,0
,.000577735,0
,.000582597,0
,.000584420,0
,.000584634,0
,.000578540,0
,.000576860,0
,.000575254,0
,.000581943,0
,.000573623,0
,.000586240,0
,.000574045,0
,.000580584,0
,.000583874,0
,.000579582,0
,.000582922,0
,.000582452,0
,.000585375,0
,.000576693,0
,.000581519,0
,.000584247,0
,.000584179,0
,.000588303,0
,.000584099,0
,.000584684,0
,.000586082,0
,.000584048,0
,.000580972,0
,.000583727,0
,.000584760,0
,.000585661,0
,.000577062,0
,.000581807,0
,.000585167,0
,.000586966,0
,.000581233,0
,.000586676,0
,.000584638,0
,.000583709,0
,.000578637,0
,.000580921,0
,.000582374,0
,.000584643,0
,.000587500,0
,.000585611,0
,.000582303,0
,.000583076,0
,.000580405,0
,.000625432,0
,.000574673,0
,.000580611,0
,.000585467,0
,.000578748,0
,.000654221,0
,.000645809,0
,.000583698,0
,.000582031,0
,.000579430,0
,.000585028,0
,.000582913,0
,.000730658,0
,.000616193,0
,.000583425,0
,.000580940,0
,.000585542,0
,.000677748,0
,.000576859,0
,.000575133,0
,.000582897,0
,.000582412,0
,.000594096,0
,.000576352,0
,.000580393,0
,.000594632,0
,.000585505,0
,.000594501,0
,.000596896,0
,.000595198,0
,.000600913,0
,.000589091,0
,.000598361,0
,.000600944,0
,.000592613,0
,.000634264,0
,.000595687,0
,.000594731,0
,.000600005,0
,.000597519,0
,.000631298,0
,.000595082,0
,.000597082,0
,.000590351,0
,.000595984,0
,.000627764,0
,.000599255,0
,.000590997,0
,.000591980,0
,.000602404,0
,.000631104,0
,.000593409,0
,.000600105,0
,.000596259,0
,.000595328,0
,.000589950,0
,.000588577,0
,.000588721,0
,.000599207,0
,.000597164,0
,.000590051,0
,.000596509,0
,.000651498,0
,.000591881,0
,.000592383,0
,.000588530,0
,.000595452,0
,.000643273,0
,.000596709,0
,.000595135,0
,.000598539,0
,.000591820,0
,.000641205,0
,.000599857,0
,.000599875,0
,.000597003,0
,.000593198,0
,.000638682,0
,.000590855,0
,.000597152,0
,.000598555,0
,.000593005,0
,.000635291,0
,.000595659,0
,.000595880,0
,.000599606,0
,.000593840,0
,.000638426,0
,.000593183,0
,.000589142,0
,.000593057,0
,.000596744,0
,.000638781,0
,.000593892,0
,.000592993,0
,.000599309,0
,.000591352,0
,.000602824,0
,.000595145,0
,.000593960,0
,.000596770,0
,.000594791,0
,.000633895,0
,.000594454,0
,.000594598,0
,.000583659,0
,.000594062,0
,.000594295,0
,.000599330,0
,.000597719,0
,.000597396,0
,.000590553,0
,.000596081,0
,.000590866,0
,.000596452,0
,.000595833,0
,.000596742,0
,.000593979,0
,.000590425,0
,.000606109,0
,.000594374,0
,.000592408,0
,.000594888,0
,.000591233,0
,.000589706,0
,.000582368,0
,.000584987,0
,.000579790,0
,.000585061,0
,.000575507,0
,.000577069,0
,.000579289,0
,.000581195,0
,.000581319,0
,.000582736,0
,.000580426,0
,.000578323,0
,.000594982,0
,.000581625,0
,.000586511,0
,.000581458,0
,.000577708,0
,.000621351,0
,.000584609,0
,.000579699,0
,.000580500,0
,.000578562,0
,.000633513,0
,.000579418,0
,.000583763,0
,.000583811,0
,.000583355,0
,.000616923,0
,.000584642,0
,.000585841,0
,.000577352,0
,.000587000,0
,.000625579,0
,.000579202,0
,.000581825,0
,.000581921,0
,.000587219,0
,.000625665,0
,.000578973,0
,.000577594,0
,.000574796,0
,.000573478,0
,.000579529,0
,.000580572,0
,.000581417,0
,.000582612,0
,.000579265,0
,.000578632,0
,.000583022,0
,.000579262,0
,.000585007,0
,.000586000,0
,.000585291,0
,.000582977,0
,.000583535,0
,.000581443,0
,.000578941,0
,.000575762,0
,.000584465,0
,.000581986,0
,.000592320,0
,.000582741,0
,.000576088,0
,.000584547,0
,.000586577,0
,.000586063,0
,.000579003,0
,.000577669,0
,.000578708,0
,.000580447,0
,.000583097,0
,.000581187,0
,.000587008,0
,.000585318,0
,.000579348,0
,.000587141,0
,.000582643,0
,.000583645,0
,.000588880,0
,.000581074,0
,.000576014,0
,.000584155,0
,.000580932,0
,.000584856,0
,.000585363,0
,.000577781,0
,.000586910,0
,.000580945,0
,.000626355,0
,.000580529,0
,.000563058,0
,.000573630,0
,.000583817,0
,.000630049,0
,.000582129,0
,.000577396,0
,.000583296,0
,.000571878,0
,.000621027,0
,.000583212,0
,.000584196,0
,.000581843,0
,.000583026,0
,.000626952,0
,.000581666,0
,.000585154,0
,.000581145,0
,.000576018,0
,.000626858,0
,.000585451,0
,.000586214,0
,.000580400,0
,.000582363,0
,.000576271,0
,.000586381,0
,.000582682,0
,.000584527,0
,.000579431,0
,.000582847,0
,.000580430,0
,.000587228,0
,.000578363,0
,.000585591,0
,.000581980,0
,.000583491,0
,.000581130,0
,.000625868,0
,.000583435,0
,.000577399,0
,.000590880,0
,.000583126,0
,.000586813,0
,.000579806,0
,.000581572,0
,.000577664,0
,.000583687,0
,.000581494,0
,.000583131,0
,.000578959,0
,.000586856,0
,.000577680,0
,.000580377,0
,.000583990,0
,.000583758,0
,.000586633,0
,.000585746,0
,.000624042,0
,.000589320,0
,.000577770,0
,.000586758,0
,.000581643,0
,.000592637,0
,.000577853,0
,.000582738,0
,.000587467,0
,.000577840,0
,.000578615,0
,.000580359,0
,.000578305,0
,.000588535,0
,.000579572,0
,.000585520,0
,.000586049,0
,.000582750,0
,.000582307,0
,.000575376,0
,.000577175,0
,.000580195,0
,.000578365,0
,.000626956,0
,.000585354,0
,.000587353,0
,.000581318,0
,.000585108,0
,.000617930,0
,.000586043,0
,.000581917,0
,.000582018,0
,.000577356,0
,.000626489,0
,.000582728,0
,.000581144,0
,.000579983,0
,.000582874,0
,.000617409,0
,.000586268,0
,.000591273,0
,.000585080,0
,.000579912,0
,.000626006,0
,.000586510,0
,.000577377,0
,.000583930,0
,.000582745,0
,.000584912,0
,.000583902,0
,.000580726,0
,.000587869,0
,.000577533,0
,.000586649,0
,.000584619,0
,.000583834,0
,.000582317,0
,.000581185,0
,.000574046,0
,.000578599,0
,.000578634,0
,.000589555,0
,.000582937,0
,.000585964,0
,.000583039,0
,.000583176,0
,.000578965,0
,.000582607,0
,.000583594,0
,.000583251,0
,.000586255,0
,.000591794,0
,.000581824,0
,.000579870,0
,.000572966,0
,.000584756,0
,.000590563,0
,.000580240,0
,.000584316,0
,.000580889,0
,.000580536,0
,.000584354,0
,.000590203,0
,.000575765,0
,.000584031,0
,.000586328,0
,.000582618,0
,.000573787,0
,.000580059,0
,.000584143,0
,.000581377,0
,.000579009,0
,.000581844,0
,.000582024,0
,.000582837,0
,.000580945,0
,.000581315,0
,.000582445,0
,.000580442,0
,.000629883,0
,.000581949,0
,.000583347,0
,.000584919,0
,.000590911,0
,.000620934,0
,.000584607,0
,.000579817,0
,.000582574,0
,.000581695,0
,.000628891,0
,.000591007,0
,.000582096,0
,.000579561,0
,.000586152,0
,.000630324,0
,.000582508,0
,.000581949,0
,.000583361,0
,.000584974,0
,.000622630,0
,.000575274,0
,.000573385,0
,.000580113,0
,.000581233,0
,.000628021,0
,.000579490,0
,.000581085,0
,.000582917,0
,.000579413,0
,.000579609,0
,.000587565,0
,.000585445,0
,.000589698,0
,.000586050,0
,.000585963,0
,.000576225,0
,.000583966,0
,.000620469,0
,.000581075,0
,.000580982,0
,.000579030,0
,.000586489,0
,.000640327,0
,.000579869,0
,.000588582,0
,.000589767,0
,.000578354,0
,.000619944,0
,.000576548,0
,.000579556,0
,.000581758,0
,.000583825,0
,.000624427,0
,.000577441,0
,.000579587,0
,.000583690,0
,.000580477,0
,.000626646,0
,.000580302,0
,.000580530,0
,.000586756,0
,.000577973,0
,.000630452,0
,.000584247,0
,.000582719,0
,.000580360,0
,.000580090,0
,.000584260,0
,.000583689,0
,.000585935,0
,.000580893,0
,.000581316,0
,.000580635,0
,.000578178,0
,.000575375,0
,.000580370,0
,.000583696,0
,.000582752,0
,.000583209,0
,.000584855,0
,.000592040,0
,.000582580,0
,.000577921,0
,.000575966,0
,.000584178,0
,.000586313,0
,.000578325,0
,.000575481,0
,.000577254,0
,.000580480,0
,.000587709,0
,.000587567,0
,.000580599,0
,.000584114,0
,.000577486,0
,.000584533,0
,.000574421,0
,.000579118,0
,.000583017,0
,.000573957,0
,.000587694,0
,.000589623,0
,.000586742,0
,.000581870,0
,.000579821,0
,.000580405,0
,.000580489,0
,.000581528,0
,.000589959,0
,.000583041,0
,.000580791,0
,.000582743,0
,.000578816,0
,.000584647,0
,.000583805,0
,.000579567,0
,.000572878,0
,.000580390,0
,.000622045,0
,.000578527,0
,.000580354,0
,.000583981,0
,.000582428,0
,.000633600,0
,.000581100,0
,.000586156,0
,.000586495,0
,.000578541,0
,.000626309,0
,.000573485,0
,.000583882,0
,.000584385,0
,.000582764,0
,.000621110,0
,.000578571,0
,.000582527,0
,.000581517,0
,.000581898,0
,.000621249,0
,.000577813,0
,.000582463,0
,.000587832,0
,.000582638,0
,.000581555,0
,.000579698,0
,.000582662,0
,.000578756,0
,.000583603,0
,.000574733,0
,.000580038,0
,.000578464,0
,.000591268,0
,.000596458,0
,.000588826,0
,.000585725,0
,.000582000,0
,.000581372,0
,.000584715,0
,.000581799,0
,.000582354,0
,.000580405,0
,.000590024,0
,.000625060,0
,.000583546,0
,.000587098,0
,.000589054,0
,.000579350,0
,.000623153,0
,.000578781,0
,.000580544,0
,.000583652,0
,.000585387,0
,.000650989,0
,.000586224,0
,.000581321,0
,.000579619,0
,.000575420,0
,.000626160,0
,.000586509,0
,.000582450,0
,.000585520,0
,.000584520,0
,.000620493,0
,.000582900,0
,.000577987,0
,.000584392,0
,.000583981,0
,.000634347,0
,.000578250,0
,.000582606,0
,.000575072,0
,.005079557,0
,.000581447,0
,.000580754,0
,.000578599,0
,.000589201,0
,.000582202,0
,.000578696,0
,.000580635,0
,.000582149,0
,.000598179,0
,.000580812,0
,.000586789,0
,.000578699,0
,.000573621,0
,.000589821,0
,.000576844,0
,.000583783,0
,.000581501,0
,.000585320,0
,.000596217,0
,.000589173,0
,.000585539,0
,.000581782,0
,.000584225,0
,.000586822,0
,.000584618,0
,.000580501,0
,.000580796,0
,.000586016,0
,.000582985,0
,.000583965,0
,.000580434,0
,.000584449,0
,.000580038,0
,.000579778,0
,.000582669,0
,.000583538,0
,.000586370,0
,.000577474,0
,.000577955,0
,.000582668,0
,.000576269,0
,.000626048,0
,.000578855,0
,.000588899,0
,.000579814,0
,.000580736,0
,.000632775,0
,.000584402,0
,.000584389,0
,.000581701,0
,.000581509,0
,.000647158,0
,.000585541,0
,.000587211,0
,.000577092,0
,.000578677,0
,.000625628,0
,.000587839,0
,.000585968,0
,.000582598,0
,.000587095,0
,.000629967,0
,.000579437,0
,.000602078,0
,.000637834,0
,.000583606,0
,.000625738,0
,.000583266,0
,.000576659,0
,.000580631,0
,.000606686,0
,.000671916,0
,.008298936,0
,.000585808,0
,.000583564,0
,.000584151,0
,.000658179,0
,.000584255,0
,.000584580,0
,.000576375,0
,.000583505,0
,.000596896,0
,.000582205,0
,.000581046,0
,.000582354,0
,.000582794,0
,.000582753,0
,.000593550,0
,.000594283,0
,.000637721,0
,.000590063,0
,.000595524,0
,.000594844,0
,.000600933,0
,.000599767,0
,.000598147,0
,.000592361,0
,.000602361,0
,.000596913,0
,.000593887,0
,.000593564,0
,.000675071,0
,.000600733,0
,.000591419,0
,.000594049,0
,.000597012,0
,.000630924,0
,.000594698,0
,.000599455,0
,.000598842,0
,.000589747,0
,.000599450,0
,.000593077,0
,.000597789,0
,.000604416,0
,.000585358,0
,.000638406,0
,.000596620,0
,.000592803,0
,.000595384,0
,.000594780,0
,.000635592,0
,.000590342,0
