,0
,.000669517,0
,.000580446,0
,.000578984,0
,.000577433,0
,.000570862,0
,.000578098,0
,.000573816,0
,.000632778,0
,.000716327,0
,.000587324,0
,.000569837,0
,.000573058,0
,.000575136,0
,.000613174,0
,.000568673,0
,.000573453,0
,.000572630,0
,.000593900,0
,.000714315,0
,.000587322,0
,.000568864,0
,.000572938,0
,.000569389,0
,.000650538,0
,.000566465,0
,.000579173,0
,.000573880,0
,.000577640,0
,.000610578,0
,.000572414,0
,.000570290,0
,.000574541,0
,.000569421,0
,.000573521,0
,.000621560,0
,.000575925,0
,.007994775,0
,.000608055,0
,.000568724,0
,.000571464,0
,.000574969,0
,.005432491,0
,.000575440,0
,.000576448,0
,.000577466,0
,.000578055,0
,.008215674,0
,.000576671,0
,.000578441,0
,.000571983,0
,.000628406,0
,.000577635,0
,.000567972,0
,.000574632,0
,.000577244,0
,.000614124,0
,.000575347,0
,.000575469,0
,.000575530,0
,.000573131,0
,.000564998,0
,.000570154,0
,.000579839,0
,.000586881,0
,.000581804,0
,.000569989,0
,.000571799,0
,.000577234,0
,.000581433,0
,.000578817,0
,.000571860,0
,.000571699,0
,.000575316,0
,.000578597,0
,.000572506,0
,.000576294,0
,.000572216,0
,.000575924,0
,.000573470,0
,.000575472,0
,.000570353,0
,.000632836,0
,.000573053,0
,.000574434,0
,.000566528,0
,.000574701,0
,.000615076,0
,.000575688,0
,.000575354,0
,.000574420,0
,.000572948,0
,.000614254,0
,.000563235,0
,.000571652,0
,.000565916,0
,.000577638,0
,.000581364,0
,.000575235,0
,.000567631,0
,.000578775,0
,.000575701,0
,.000574068,0
,.000572176,0
,.000576948,0
,.000584179,0
,.000571004,0
,.000575798,0
,.000576240,0
,.000580138,0
,.000579619,0
,.000573269,0
,.000572890,0
,.000571882,0
,.000573673,0
,.000567999,0
,.000571895,0
,.000571869,0
,.000616495,0
,.000571991,0
,.000565881,0
,.000570921,0
,.000572366,0
,.000639922,0
,.000573989,0
,.000575902,0
,.000569352,0
,.000569157,0
,.000615667,0
,.000570949,0
,.000573835,0
,.000578441,0
,.000574545,0
,.000571279,0
,.000576937,0
,.000576322,0
,.000577267,0
,.000572579,0
,.000578708,0
,.000569650,0
,.000579215,0
,.000580382,0
,.000570361,0
,.000570337,0
,.000573050,0
,.000571978,0
,.000568387,0
,.000564694,0
,.000569920,0
,.000576765,0
,.000575641,0
,.000566499,0
,.000578880,0
,.000572440,0
,.000613474,0
,.000572170,0
,.000573071,0
,.000577410,0
,.000569077,0
,.000613071,0
,.000581734,0
,.000573240,0
,.000577157,0
,.000575371,0
,.000568679,0
,.000572752,0
,.000574778,0
,.000578922,0
,.000574198,0
,.000574424,0
,.000569753,0
,.000573574,0
,.000579336,0
,.000580954,0
,.000572593,0
,.000575403,0
,.000572669,0
,.000582256,0
,.000574657,0
,.000571605,0
,.000573949,0
,.000573698,0
,.000576933,0
,.000574463,0
,.000571415,0
,.000572697,0
,.000575736,0
,.000583563,0
,.000573436,0
,.000576354,0
,.000620694,0
,.000571949,0
,.000573981,0
,.000569866,0
,.000578246,0
,.000612159,0
,.000570569,0
,.000572361,0
,.000577107,0
,.000573286,0
,.000572484,0
,.000571655,0
,.000570986,0
,.000572630,0
,.000574531,0
,.000568184,0
,.000573985,0
,.000573800,0
,.000594276,0
,.000569594,0
,.000571485,0
,.000565000,0
,.000566027,0
,.000577358,0
,.000567255,0
,.000572987,0
,.000578089,0
,.000578700,0
,.000577296,0
,.000569723,0
,.000572695,0
,.000576654,0
,.000574124,0
,.000571419,0
,.000575287,0
,.000568299,0
,.000616885,0
,.000568395,0
,.000564476,0
,.000577787,0
,.000571867,0
,.000613440,0
,.000572230,0
,.000576966,0
,.000574714,0
,.000568646,0
,.000564567,0
,.000569131,0
,.000580247,0
,.000578145,0
,.000578703,0
,.000577840,0
,.000569449,0
,.000573694,0
,.000581713,0
,.000574979,0
,.000572893,0
,.000570018,0
,.000569028,0
,.000581722,0
,.000571496,0
,.000567129,0
,.000576667,0
,.000566856,0
,.000573792,0
,.000570102,0
,.000577277,0
,.000614337,0
,.000571917,0
,.000573160,0
,.000563789,0
,.000572376,0
,.000612196,0
,.000572198,0
,.000572689,0
,.000581030,0
,.000572896,0
,.000609509,0
,.000567148,0
,.000567536,0
,.000572131,0
,.000575784,0
,.000571482,0
,.000572945,0
,.000572015,0
,.000580090,0
,.000574662,0
,.000571918,0
,.000569138,0
,.000571572,0
,.000586856,0
,.000570603,0
,.000574086,0
,.000579408,0
,.000568106,0
,.000573441,0
,.000573157,0
,.000578389,0
,.000574579,0
,.000570454,0
,.000571287,0
,.000568100,0
,.000577551,0
,.000619994,0
,.000578233,0
,.000571178,0
,.000572187,0
,.000571457,0
,.000613841,0
,.000580843,0
,.000571301,0
,.000565746,0
,.000573376,0
,.000569959,0
,.000573410,0
,.000570417,0
,.000574782,0
,.000574576,0
,.000569155,0
,.000564738,0
,.000568397,0
,.000587344,0
,.000567150,0
,.000574042,0
,.000572304,0
,.000573698,0
,.000582173,0
,.000572961,0
,.000569220,0
,.000567386,0
,.000569398,0
,.000571444,0
,.000569515,0
,.000569700,0
,.000616012,0
,.000579650,0
,.000571880,0
,.000572095,0
,.000563911,0
,.000618484,0
,.000575607,0
,.000573836,0
,.000570471,0
,.000575472,0
,.000643698,0
,.000564384,0
,.000571780,0
,.000576259,0
,.000578897,0
,.000573010,0
,.000577862,0
,.000572348,0
,.000578815,0
,.000572403,0
,.000570229,0
,.000570733,0
,.000574667,0
,.000578665,0
,.000567091,0
,.000564817,0
,.000574955,0
,.000568610,0
,.000578178,0
,.000573369,0
,.000573959,0
,.000578499,0
,.000575768,0
,.000567288,0
,.000573667,0
,.000572575,0
,.000605102,0
,.000568012,0
,.000574287,0
,.000574584,0
,.000574472,0
,.000620224,0
,.000572040,0
,.000575384,0
,.000578558,0
,.000571986,0
,.000609875,0
,.000574452,0
,.000567835,0
,.000573265,0
,.000577480,0
,.000571468,0
,.000566448,0
,.000578879,0
,.000584156,0
,.000567700,0
,.000573311,0
,.000576097,0
,.000571447,0
,.000585212,0
,.000571334,0
,.000577426,0
,.000576837,0
,.000571297,0
,.000574915,0
,.000571008,0
,.000578850,0
,.000575954,0
,.000574058,0
,.000568035,0
,.000569232,0
,.000573736,0
,.000620408,0
,.000576462,0
,.000571385,0
,.000573988,0
,.000577323,0
,.000615810,0
,.000570402,0
,.000586054,0
,.000577745,0
,.000576873,0
,.000620007,0
,.000567310,0
,.000572867,0
,.000575102,0
,.000571283,0
,.000572339,0
,.000599324,0
,.000572783,0
,.000580058,0
,.000569512,0
,.000567612,0
,.000569660,0
,.000573844,0
,.000568760,0
,.000574710,0
,.000575472,0
,.000569150,0
,.000572401,0
,.000574206,0
,.000569451,0
,.000572698,0
,.000570993,0
,.000591722,0
,.000567682,0
,.000570593,0
,.000572244,0
,.000608982,0
,.000570951,0
,.000575964,0
,.000575107,0
,.000573607,0
,.000584610,0
,.000574950,0
,.000571402,0
,.000576979,0
,.000566846,0
,.000574786,0
,.000566797,0
,.000570743,0
,.000569933,0
,.000572684,0
,.000560303,0
,.000578930,0
,.000570130,0
,.000583575,0
,.000573327,0
,.000572839,0
,.000580336,0
,.000567042,0
,.000576013,0
,.000575341,0
,.000576211,0
,.000614430,0
,.000569825,0
,.000576717,0
,.000572773,0
,.000578270,0
,.000618734,0
,.000571862,0
,.000572598,0
,.000570937,0
,.000575411,0
,.000617798,0
,.000572143,0
,.000571611,0
,.000573505,0
,.000569651,0
,.000573672,0
,.000574637,0
,.000574373,0
,.000578519,0
,.000570460,0
,.000571553,0
,.000576520,0
,.000572066,0
,.000584074,0
,.000577321,0
,.000565494,0
,.000568713,0
,.000563064,0
,.000573876,0
,.000571959,0
,.000574320,0
,.000576437,0
,.000570398,0
,.000566715,0
,.000574650,0
,.000568664,0
,.000585063,0
,.000569519,0
,.000568723,0
,.000571781,0
,.000569851,0
,.000622011,0
,.000573147,0
,.000570634,0
,.000570627,0
,.000572174,0
,.000575873,0
,.000569833,0
,.000572547,0
,.000577502,0
,.000570329,0
,.000579393,0
,.000585819,0
,.000575565,0
,.000579765,0
,.000579106,0
,.000570047,0
,.000567121,0
,.000571118,0
,.000588260,0
,.000577912,0
,.000569863,0
,.000566950,0
,.000576280,0
,.000571701,0
,.000571025,0
,.000573328,0
,.000585703,0
,.000569377,0
,.000576250,0
,.000575197,0
,.000568648,0
,.000617222,0
,.000575792,0
,.000569400,0
,.000576510,0
,.000569384,0
,.000605093,0
,.000561733,0
,.000571996,0
,.000577884,0
,.000569575,0
,.000568540,0
,.000565903,0
,.000575634,0
,.000569903,0
,.000591365,0
,.000575270,0
,.000574243,0
,.000574101,0
,.000582307,0
,.000585826,0
,.000571775,0
,.000578668,0
,.000575057,0
,.000581873,0
,.000570262,0
,.000569992,0
,.000573781,0
,.000571874,0
,.000583021,0
,.000569692,0
,.000577281,0
,.000570446,0
,.000576210,0
,.000580423,0
,.000565168,0
,.000573396,0
,.000583505,0
,.000571720,0
,.000572210,0
,.000578185,0
,.000576401,0
,.000610501,0
,.000578824,0
,.000568305,0
,.000573058,0
,.000569272,0
,.000622835,0
,.000570489,0
,.000565718,0
,.000572368,0
,.000574579,0
,.000573195,0
,.000576188,0
,.000590045,0
,.000575093,0
,.000567236,0
,.000576993,0
,.000569320,0
,.000577765,0
,.000600928,0
,.000569228,0
,.000570315,0
,.000569967,0
,.000571871,0
,.000578718,0
,.000562291,0
,.000569416,0
,.000592399,0
,.000578522,0
,.000575295,0
,.000565279,0
,.000570787,0
,.000573004,0
,.000570876,0
,.000574237,0
,.000572716,0
,.000571858,0
,.000617406,0
,.000571656,0
,.000570605,0
,.000574266,0
,.000571427,0
,.000621216,0
,.000571930,0
,.000569829,0
,.000571743,0
,.000573062,0
,.000574154,0
,.000574505,0
,.000568280,0
,.000571991,0
,.000575522,0
,.000574299,0
,.000572071,0
,.000578803,0
,.000581392,0
,.000574996,0
,.000571796,0
,.000598895,0
,.000679168,0
,.000583351,0
,.000563504,0
,.000565605,0
,.000571532,0
,.000565013,0
,.000607423,0
,.000571572,0
,.000568910,0
,.000575434,0
,.000643218,0
,.000699245,0
,.006702304,0
,.000577119,0
,.000571674,0
,.000555874,0
,.000612613,0
,.008295274,0
,.000577773,0
,.000608868,0
,.000577162,0
,.000574240,0
,.008231493,0
,.000568467,0
,.000574921,0
,.000572337,0
,.000575913,0
,.008286838,0
,.000567597,0
,.000568868,0
,.000577728,0
,.000579476,0
,.000618225,0
,.000574228,0
,.000572580,0
,.000571256,0
,.000574978,0
,.000570232,0
,.000611347,0
,.000572693,0
,.000572926,0
,.000579141,0
,.000575448,0
,.000588567,0
,.000573709,0
,.000572438,0
,.000570504,0
,.000574098,0
,.000615990,0
,.000567708,0
,.000571212,0
,.000576965,0
,.000577715,0
,.000575253,0
,.000569311,0
,.000572895,0
,.000581168,0
,.000572296,0
,.000563330,0
,.000574862,0
,.000571387,0
,.000581899,0
,.000575873,0
,.000571670,0
,.000575296,0
,.000569154,0
,.000584062,0
,.000575258,0
,.000565776,0
,.000580915,0
,.000572497,0
,.000570133,0
,.000569545,0
,.000569885,0
,.000614371,0
,.000579374,0
,.000577970,0
,.000570609,0
,.000569801,0
,.000611478,0
,.000570028,0
,.000577264,0
,.000566510,0
,.000572890,0
,.000578813,0
,.000574746,0
,.000563200,0
,.000575357,0
,.000571679,0
,.000572682,0
,.000576694,0
,.000575349,0
,.000579208,0
,.000575275,0
,.000574245,0
,.000563224,0
,.000573982,0
,.000579125,0
,.000576182,0
,.000585345,0
,.000571181,0
,.000572212,0
,.000574923,0
,.000574331,0
,.000572305,0
,.000567950,0
,.000571104,0
,.000575691,0
,.000562296,0
,.000567278,0
,.000611167,0
,.000573196,0
,.000569118,0
,.000580185,0
,.000573625,0
,.000612759,0
,.000575682,0
,.000570989,0
,.000570219,0
,.000577033,0
,.000620240,0
,.000570321,0
,.000569041,0
,.000571806,0
,.000570535,0
,.000572058,0
,.000564647,0
,.000568786,0
,.000578971,0
,.000572773,0
,.000578598,0
,.000571760,0
,.000570025,0
,.000577774,0
,.000570890,0
,.000567916,0
,.000577036,0
,.000572107,0
,.000565704,0
,.000565041,0
,.000567104,0
,.000573677,0
,.000572572,0
,.000565787,0
,.000572049,0
,.000578596,0
,.000620053,0
,.000586143,0
,.000570757,0
,.000570132,0
,.000568203,0
,.000622738,0
,.000568901,0
,.000567922,0
,.000586006,0
,.000574382,0
,.000573767,0
,.000573198,0
,.000567590,0
,.000579668,0
,.000577089,0
,.000576953,0
,.000581871,0
,.000586504,0
,.000571876,0
,.000573974,0
,.000571907,0
,.000586270,0
,.000573783,0
,.000579426,0
,.000575475,0
,.000568683,0
,.000565115,0
,.000570715,0
,.000594807,0
,.000575023,0
,.000573379,0
,.000572777,0
,.000568280,0
,.000560894,0
,.000562784,0
,.000570828,0
,.000615017,0
,.000575914,0
,.000576627,0
,.000572314,0
,.000571314,0
,.000612499,0
,.000564502,0
,.000598446,0
,.000578302,0
,.000577511,0
,.000614431,0
,.000569048,0
,.000571225,0
,.000575992,0
,.000572605,0
,.000574634,0
,.000571613,0
,.000570988,0
,.000577845,0
,.000572335,0
,.000571820,0
,.000573033,0
,.000580475,0
,.000582206,0
,.000575110,0
,.000574521,0
,.000576726,0
,.000577476,0
,.000578880,0
,.000572296,0
,.000573199,0
,.000571949,0
,.000569414,0
,.000565079,0
,.000562769,0
,.000578267,0
,.000614883,0
,.000574582,0
,.000568592,0
,.000574580,0
,.000569657,0
,.000620414,0
,.000567107,0
,.000577258,0
,.000573825,0
,.000568034,0
,.000568412,0
,.000570570,0
,.000578311,0
,.000574441,0
,.000578106,0
,.000573403,0
,.000571328,0
,.000565583,0
,.000582593,0
,.000577366,0
,.000573393,0
,.000573857,0
,.000571346,0
,.000579758,0
,.000572626,0
,.000566691,0
,.000583649,0
,.000571137,0
,.000575783,0
,.000577056,0
,.000573627,0
,.000575138,0
,.000563540,0
,.000569506,0
,.000576156,0
,.000572030,0
,.000617999,0
,.000585107,0
,.000573492,0
,.000573974,0
,.000572434,0
,.000617139,0
,.000576149,0
,.000571118,0
,.000577337,0
,.000577740,0
,.000562475,0
,.000568046,0
,.000572513,0
,.000583405,0
,.000574597,0
,.000575624,0
,.000572880,0
,.000571875,0
,.000582595,0
,.000572496,0
,.000571597,0
,.000573038,0
,.000576937,0
,.000570265,0
,.000568402,0
,.000575699,0
,.000572130,0
,.000573381,0
,.000568339,0
,.000575192,0
,.000573359,0
,.000574923,0
,.000584568,0
,.000571824,0
,.000572927,0
,.000573502,0
,.000618740,0
,.000571013,0
,.000568067,0
,.000571842,0
,.000569681,0
,.000608800,0
,.000566159,0
,.000572421,0
,.000573240,0
,.000565099,0
,.000574538,0
,.000574531,0
,.000577725,0
,.000575908,0
,.000572540,0
,.000567662,0
,.000565268,0
,.000575939,0
,.000582226,0
,.000581086,0
,.000576100,0
,.000574760,0
,.000572229,0
,.000570352,0
,.000571381,0
,.000573312,0
,.000602021,0
,.000576217,0
,.000592189,0
,.000575453,0
,.000571180,0
,.000576352,0
,.000565034,0
,.000570068,0
,.000574781,0
,.000574279,0
,.000626283,0
,.000571345,0
,.000573083,0
,.000575300,0
,.000569216,0
,.000616630,0
,.000582999,0
,.000573979,0
,.000576531,0
,.000570048,0
,.000630891,0
,.000572026,0
,.000577358,0
,.000574709,0
,.000571658,0
,.000585834,0
,.000573303,0
,.000572888,0
,.000563124,0
,.000577218,0
,.000572069,0
,.000572405,0
,.000575972,0
,.000580432,0
,.000572664,0
,.000573287,0
,.000575694,0
,.000588697,0
,.000582105,0
,.000570454,0
,.000569523,0
,.000577837,0
,.000571220,0
,.000571088,0
,.000569582,0
,.000569999,0
,.000570886,0
,.000566146,0
,.000571640,0
,.000598680,0
,.000568025,0
,.000618417,0
,.000566597,0
,.000567027,0
,.000577545,0
,.000574998,0
,.000615154,0
,.000574882,0
,.000570382,0
,.000575507,0
,.000575669,0
,.000572864,0
,.000571530,0
,.000579601,0
,.000569862,0
,.000566043,0
,.000570099,0
,.000574143,0
,.000585826,0
,.000574753,0
,.000574415,0
,.000571935,0
,.000577621,0
,.000572130,0
,.000588532,0
,.000576423,0
,.000580874,0
,.000575571,0
,.000569158,0
,.000576405,0
,.000573393,0
,.000572230,0
,.000587735,0
,.000569384,0
,.000565792,0
,.000569718,0
,.000570010,0
,.000623030,0
,.000574251,0
,.000574703,0
,.000575121,0
,.000574951,0
,.000608392,0
,.000570407,0
,.000576027,0
,.000574947,0
,.000576808,0
,.000569547,0
,.000585392,0
,.000564409,0
,.000576871,0
,.000578723,0
,.000573419,0
,.000573427,0
,.000569812,0
,.000584386,0
,.000566695,0
,.000573539,0
,.000567506,0
,.000577073,0
,.000574943,0
,.000605124,0
,.000570697,0
,.000576782,0
,.000572557,0
,.000576518,0
,.000562572,0
,.000572692,0
,.000578487,0
,.000569395,0
,.000564897,0
,.000577224,0
,.000578464,0
,.000617628,0
,.000571914,0
,.000584496,0
,.000577240,0
,.000569213,0
,.000618680,0
,.000580177,0
,.000564620,0
,.000572013,0
,.000572882,0
,.000635959,0
,.000564564,0
,.000574277,0
,.000574859,0
,.000574627,0
,.000570782,0
,.000572479,0
,.000569145,0
,.000576970,0
,.000577653,0
,.000572514,0
,.000570014,0
,.000566970,0
,.000590636,0
,.000572591,0
,.000575770,0
,.000572334,0
,.000575002,0
,.000602050,0
,.000574454,0
,.000571475,0
,.000571503,0
,.000568404,0
,.000569839,0
,.000570727,0
,.000574082,0
,.000585228,0
,.000566485,0
,.000574061,0
,.000569491,0
,.000572133,0
,.000619102,0
,.000577543,0
,.000574320,0
,.000575894,0
,.000574684,0
,.000620232,0
,.000562521,0
,.000587130,0
,.000572304,0
,.000574155,0
,.000596903,0
,.000575998,0
,.000574049,0
,.000571856,0
,.000577026,0
,.000576810,0
,.000577713,0
,.000571448,0
,.000577803,0
,.000572036,0
,.000574180,0
,.000585749,0
,.000564570,0
,.000583397,0
,.000573732,0
,.000572292,0
,.000570637,0
,.000568833,0
,.000583760,0
,.000589908,0
,.000572358,0
,.000573336,0
,.000562784,0
,.000575184,0
,.000576701,0
,.000575658,0
,.000619130,0
,.000578213,0
,.000564727,0
,.000577412,0
,.000574203,0
,.000613317,0
,.000569339,0
,.000570899,0
,.000572158,0
,.000574444,0
,.000612941,0
,.000572276,0
,.000569196,0
,.000572746,0
,.000572063,0
,.000571052,0
,.000576157,0
,.000579156,0
,.000585707,0
,.000576557,0
,.000573030,0
,.000574862,0
,.000572294,0
,.000577198,0
,.000574445,0
,.000565076,0
,.000581675,0
,.000566687,0
,.000572997,0
,.000575018,0
,.000575757,0
,.000579161,0
,.000574046,0
,.000580403,0
,.000575892,0
,.000567140,0
,.000567266,0
,.000575423,0
,.000567553,0
,.000574467,0
,.000573166,0
,.000615971,0
,.000573065,0
,.000604058,0
,.000572755,0
,.000569044,0
,.000573629,0
,.000580385,0
,.000573812,0
,.000575889,0
,.000573619,0
,.000615451,0
,.000564582,0
,.000569685,0
,.000575814,0
,.000576904,0
,.000571494,0
,.000571295,0
,.000566471,0
,.000579270,0
,.000570995,0
,.000574751,0
,.000578060,0
,.000600492,0
,.000583891,0
,.000577078,0
,.000574980,0
,.000574307,0
,.000572930,0
,.000584855,0
,.000599077,0
,.000575034,0
,.000570410,0
,.000573564,0
,.000574415,0
,.000577040,0
,.000575642,0
,.000595679,0
,.000570753,0
,.000570688,0
,.000552076,0
,.000576199,0
,.000618369,0
,.000575654,0
,.000570979,0
,.000574909,0
,.000571126,0
,.000614704,0
,.000578031,0
,.000582135,0
,.000568633,0
,.000575707,0
,.000636902,0
,.000569412,0
,.000568182,0
,.000570817,0
,.000576020,0
,.000577783,0
,.000571372,0
,.000581821,0
,.000578710,0
,.000574528,0
,.000568303,0
,.000650723,0
,.000727746,0
,.000584999,0
,.000570226,0
,.000582834,0
,.000574423,0
,.000571297,0
,.000575848,0
,.000570801,0
,.000574971,0
,.000639827,0
,.000683166,0
,.000575635,0
,.000568860,0
,.000568235,0
,.000564868,0
,.000575758,0
,.000612880,0
,.000574419,0
,.000574164,0
,.000576766,0
,.000572826,0
,.000578223,0
,.000576758,0
,.000576310,0
,.000643434,0
,.000574577,0
,.000575283,0
,.000570302,0
,.000573718,0
,.001862396,0
,.000566507,0
,.000573635,0
,.000572977,0
,.000658739,0
,.005921224,0
,.000581292,0
,.000567328,0
,.000579390,0
,.000563399,0
,.000575942,0
,.000603128,0
,.000577172,0
,.000574177,0
,.000577429,0
,.000568335,0
,.000595419,0
,.000577700,0
,.000573454,0
,.000567234,0
,.000573371,0
,.000571838,0
,.000571653,0
,.000575785,0
,.000581797,0
,.000570711,0
,.000580001,0
,.000578915,0
,.000575487,0
,.000613763,0
,.000573848,0
,.000571782,0
,.000569961,0
,.000577504,0
,.000579602,0
,.000566165,0
,.000573208,0
,.000570219,0
,.000579897,0
,.000570981,0
,.000575999,0
,.000572753,0
,.000583932,0
,.000575542,0
,.000571807,0
,.000571424,0
,.000563140,0
,.000580054,0
,.000571913,0
,.000567998,0
,.000568594,0
,.000572157,0
,.000580726,0
,.000563893,0
,.000589460,0
,.000576767,0
,.000571743,0
,.000573147,0
,.000575586,0
,.000567074,0
,.000615269,0
,.000566860,0
,.000569775,0
,.000563477,0
,.000573011,0
,.000621547,0
,.000578487,0
,.000567520,0
,.000569338,0
,.000579799,0
,.000633339,0
,.000569691,0
,.000569749,0
,.000577465,0
,.000574338,0
,.000572925,0
,.000570746,0
,.000581684,0
,.000580166,0
,.000574960,0
,.000572337,0
,.000573336,0
,.000568255,0
,.000578322,0
,.000593736,0
,.000578958,0
,.000577320,0
,.000571146,0
,.000583039,0
,.000573528,0
,.000575065,0
,.000577077,0
,.000573769,0
,.000607329,0
,.000576131,0
,.000573098,0
,.000583210,0
,.000575905,0
,.002560064,0
,.000571340,0
,.000571416,0
,.000569212,0
,.000578111,0
,.000571597,0
,.000576031,0
,.000567206,0
,.000576473,0
,.000572614,0
,.000574908,0
,.000574453,0
,.000576756,0
,.000571507,0
,.000603207,0
,.000573320,0
,.000573182,0
,.000573369,0
,.000574394,0
,.000610950,0
,.000574951,0
,.000577177,0
,.000573300,0
,.000574782,0
,.000622000,0
,.000570446,0
,.000572485,0
,.000574461,0
,.000571797,0
,.000570502,0
,.000566667,0
,.000572002,0
,.000576576,0
,.000576089,0
,.000573398,0
,.000608110,0
,.000574703,0
,.000571253,0
,.000569085,0
,.000568761,0
,.000567567,0
,.000570989,0
,.000582683,0
,.000594674,0
,.000572938,0
,.000573724,0
,.000569294,0
,.000576200,0
,.000571353,0
,.000573894,0
,.000576161,0
,.000574140,0
,.000574537,0
,.000578574,0
,.000570894,0
,.000617871,0
,.000571055,0
,.000575987,0
,.000602844,0
,.000570086,0
,.000605236,0
,.000575378,0
,.000570184,0
,.000572686,0
,.000576041,0
,.000617586,0
,.000600040,0
,.000571962,0
,.000573929,0
,.000568144,0
,.000567740,0
,.000573164,0
,.000570435,0
,.000598033,0
,.000569075,0
,.000571842,0
,.000562732,0
,.000573128,0
,.000589722,0
,.000571764,0
,.000576224,0
,.000569572,0
,.000572754,0
,.000580794,0
,.000572612,0
,.000574881,0
,.000574798,0
,.000566164,0
,.000573232,0
,.000576267,0
,.000573880,0
,.000602250,0
,.000573689,0
,.000572618,0
,.000570725,0
,.000571631,0
,.000626527,0
,.000572089,0
,.000571295,0
,.000580357,0
,.000571266,0
,.000634462,0
,.000571804,0
,.000579786,0
,.000572508,0
,.000575683,0
,.000626533,0
,.000585759,0
,.000574965,0
,.000576489,0
,.000571808,0
,.000568480,0
,.000575554,0
,.000581972,0
,.000584154,0
,.000573403,0
,.000571153,0
,.000586566,0
,.000573163,0
,.000579502,0
,.000568269,0
,.000572189,0
,.000587015,0
,.000575174,0
,.000584402,0
,.000572344,0
,.000574682,0
,.000566576,0
,.000574904,0
,.000581683,0
,.000571880,0
,.000568235,0
,.000584958,0
,.000574876,0
,.000571963,0
,.000574278,0
,.000574557,0
,.000618848,0
,.000574378,0
,.000573554,0
,.000575772,0
,.000575472,0
,.000621471,0
,.000579027,0
,.000572338,0
,.000570655,0
,.000576651,0
,.000625508,0
,.000573328,0
,.000571612,0
,.000574580,0
,.000568168,0
,.000573404,0
,.000573733,0
,.000584705,0
,.000650284,0
,.000575801,0
,.000575930,0
,.000574671,0
,.000575791,0
,.000582209,0
,.000579141,0
,.000580186,0
,.000570572,0
,.000574485,0
,.000595379,0
,.000566082,0
,.000581302,0
,.000572715,0
,.000571882,0
,.000576773,0
,.000575856,0
,.000572886,0
,.000579741,0
,.000600189,0
,.000568661,0
,.000574107,0
,.000568118,0
,.000630615,0
,.000573323,0
,.000583360,0
,.000575407,0
,.000572477,0
,.000615695,0
,.000569311,0
,.000573176,0
,.000576379,0
,.000566567,0
,.000622158,0
,.000574175,0
,.000608229,0
,.000563071,0
,.000569543,0
,.000565712,0
,.000565531,0
,.000570930,0
,.000581608,0
,.000574357,0
,.000579310,0
,.000596922,0
,.000573136,0
,.000579446,0
,.000571562,0
,.000571186,0
,.000580010,0
,.000569136,0
,.000579879,0
,.000571928,0
,.000580456,0
,.000569541,0
,.000568605,0
,.000587254,0
,.000580825,0
,.000567574,0
,.000583817,0
,.000572817,0
,.000575023,0
,.000566406,0
,.000569606,0
,.000619479,0
,.000574281,0
,.000570237,0
,.000576048,0
,.000572940,0
,.000621587,0
,.000580667,0
,.000575204,0
,.000570292,0
,.000575177,0
,.000627972,0
,.000574425,0
,.000571229,0
,.000571603,0
,.000574044,0
,.000573745,0
,.000571956,0
,.000566550,0
,.000569661,0
,.000590445,0
,.000572444,0
,.000567156,0
,.000567745,0
,.000584419,0
,.000574762,0
,.000574007,0
,.000571151,0
,.000576183,0
,.000581421,0
,.000577750,0
,.000580929,0
,.000576174,0
,.000575125,0
,.000571134,0
,.000572807,0
,.000580244,0
,.000571554,0
,.000576552,0
,.000577768,0
,.000578104,0
,.000571683,0
,.000576433,0
,.000571256,0
,.000569337,0
,.000569059,0
,.000572523,0
,.000610731,0
,.000573814,0
,.000574661,0
,.000577457,0
,.000576610,0
,.000626553,0
,.000569752,0
,.000577252,0
,.000587300,0
,.000577124,0
,.000575126,0
,.000577678,0
,.000572326,0
,.000577836,0
,.000578585,0
,.000573556,0
,.000578500,0
,.000592931,0
,.000580925,0
,.000573563,0
,.000572760,0
,.000570581,0
,.000570922,0
,.000579737,0
,.000568176,0
,.000572238,0
,.000596529,0
,.000579386,0
,.000569243,0
,.000575027,0
,.000580168,0
,.000576437,0
,.000576735,0
,.000577667,0
,.000572561,0
,.000577102,0
,.000610860,0
,.000587728,0
,.000574201,0
,.000568964,0
,.000568852,0
,.000609494,0
,.000566344,0
,.000576139,0
,.000578850,0
,.000582322,0
,.000615339,0
,.000572243,0
,.000587541,0
,.000570872,0
,.000573120,0
,.000572245,0
,.000574341,0
,.000578917,0
,.000576302,0
,.000577122,0
,.000573147,0
,.000575257,0
,.000574644,0
,.000589018,0
,.000572308,0
,.000580005,0
,.000577871,0
,.000606015,0
,.000577617,0
,.000569336,0
,.000567745,0
,.000570625,0
,.000569476,0
,.000590010,0
,.000569941,0
,.000564396,0
,.000574395,0
,.000571763,0
,.000574527,0
,.000573282,0
,.000574447,0
,.000628874,0
,.000567461,0
,.000570626,0
,.000584757,0
,.000575189,0
,.000622808,0
,.000566846,0
,.000571934,0
,.000577627,0
,.000573039,0
,.000628611,0
,.000582314,0
,.000579414,0
,.000578699,0
,.000576413,0
,.000599567,0
,.000570729,0
,.000571885,0
,.000589225,0
,.000565720,0
,.000570006,0
,.000584216,0
,.000574970,0
,.000584115,0
,.000575053,0
,.000577067,0
,.000579157,0
,.000577458,0
,.000582334,0
,.000573192,0
,.000577426,0
,.000576064,0
,.000599874,0
,.000575774,0
,.000568489,0
,.000570418,0
,.000582326,0
,.000568011,0
,.000582132,0
,.000582654,0
,.000578762,0
,.000619254,0
,.000584098,0
,.000571629,0
,.000576193,0
,.000572620,0
,.000616236,0
,.000572868,0
,.000571701,0
,.000577436,0
,.000574065,0
,.000642254,0
,.000567377,0
,.000574222,0
,.000572312,0
,.000577288,0
,.000576343,0
,.000566351,0
,.000581675,0
,.000573902,0
,.000577990,0
,.000616245,0
,.000572340,0
,.000573003,0
,.000577244,0
,.000577052,0
,.000575910,0
,.000568383,0
,.000573160,0
,.000578865,0
,.000582026,0
,.000568695,0
,.000571408,0
,.000570353,0
,.000580339,0
,.000571531,0
,.000580385,0
,.000575689,0
,.000578048,0
,.000565793,0
,.000568357,0
,.000571807,0
,.000634401,0
,.000574759,0
,.000576370,0
,.000569521,0
,.000571653,0
,.000621743,0
,.000566629,0
,.000572790,0
,.000571658,0
,.000571727,0
,.000630234,0
,.000571851,0
,.000572940,0
,.000576736,0
,.000568503,0
,.000597468,0
,.000576959,0
,.000575589,0
,.000577668,0
,.000578771,0
,.000567774,0
,.000579067,0
,.000571285,0
,.000580003,0
,.000571195,0
,.000572079,0
,.000605259,0
,.000573761,0
,.000579294,0
,.000568165,0
,.000574058,0
,.000563772,0
,.000588857,0
,.000581921,0
,.000576546,0
,.000582050,0
,.000573799,0
,.000574654,0
,.000569623,0
,.000580926,0
,.000573103,0
,.000626193,0
,.000591069,0
,.000577407,0
,.000577738,0
,.000566281,0
,.000621486,0
,.000567210,0
,.000584717,0
,.000562886,0
,.000577281,0
,.000618325,0
,.000585571,0
,.000575773,0
,.000578105,0
,.000589527,0
,.000574848,0
,.000568699,0
,.000571311,0
,.000568763,0
,.000581558,0
,.000577775,0
,.000574470,0
,.000573335,0
,.000576293,0
,.000599691,0
,.000565548,0
,.000623333,0
,.000623162,0
,.000620596,0
,.000570203,0
,.000569138,0
,.000567306,0
,.000570604,0
,.000602170,0
,.000577545,0
,.000575501,0
,.000573702,0
,.000587195,0
,.000616539,0
,.000642794,0
,.000733814,0
,.000576169,0
,.000574261,0
,.000588023,0
,.000569566,0
,.000572093,0
,.000569456,0
,.000571747,0
,.005080458,0
,.000571525,0
,.000603909,0
,.000575687,0
,.000567074,0
,.001570265,0
,.000573885,0
,.000569098,0
,.000610909,0
,.000565925,0
,.000567886,0
,.000570013,0
,.000570731,0
,.000579987,0
,.000566689,0
,.000573554,0
,.003949561,0
,.000570797,0
,.000578696,0
,.000597661,0
,.000565936,0
,.001776063,0
,.000569178,0
,.000568534,0
,.000601983,0
,.000575864,0
,.000567344,0
,.000576545,0
,.000571386,0
,.000571198,0
,.000565467,0
,.000573082,0
,.000624485,0
,.000575433,0
,.000569554,0
,.000571781,0
,.000575626,0
,.000606894,0
,.000568932,0
,.000573457,0
,.000579128,0
,.000574894,0
,.000576149,0
,.000574389,0
,.000572035,0
,.000580660,0
,.000573855,0
,.000572433,0
,.000574966,0
,.000580753,0
,.000583365,0
,.000572627,0
,.000568672,0
,.000565009,0
,.000563860,0
,.000573601,0
,.000570407,0
,.000572749,0
,.000569578,0
,.000573573,0
,.000601903,0
,.000574421,0
,.000572080,0
,.000615807,0
,.000570215,0
,.000571392,0
,.000573569,0
,.000581855,0
,.000613732,0
,.000579777,0
,.000570664,0
,.000579008,0
,.000562975,0
,.000628306,0
,.000574657,0
,.000575888,0
,.000573817,0
,.000572518,0
,.000577302,0
,.000573614,0
,.000571311,0
,.000615876,0
,.000567543,0
,.000575153,0
,.000575182,0
,.000579690,0
,.000580521,0
,.000574273,0
,.000570105,0
,.000582671,0
,.000576062,0
,.000577687,0
,.000564778,0
,.000593347,0
,.000572489,0
,.000576115,0
,.000569205,0
,.000614429,0
,.000575198,0
,.000571115,0
,.000568724,0
,.000585700,0
,.000575720,0
,.000576498,0
,.000572126,0
,.000572402,0
,.000569809,0
,.000578365,0
,.000572562,0
,.000612406,0
,.000579140,0
,.000573249,0
,.000569312,0
,.000581488,0
,.000609902,0
,.000570982,0
,.000572351,0
,.000577553,0
,.000576216,0
,.000573457,0
,.000582014,0
,.000573735,0
,.000587455,0
,.000571658,0
,.000570070,0
,.000575679,0
,.000579975,0
,.000585284,0
,.000570555,0
,.000584988,0
,.000564089,0
,.000572645,0
,.000583562,0
,.000582913,0
,.000573257,0
,.000570620,0
,.000570199,0
,.000594769,0
,.000568730,0
,.000575142,0
,.000570763,0
,.000567872,0
,.000571254,0
,.000571370,0
,.000593515,0
,.000617441,0
,.000569162,0
,.000573714,0
,.000575115,0
,.000572678,0
,.000618835,0
,.000575809,0
,.000565702,0
,.000571707,0
,.000569683,0
,.000635699,0
,.000570839,0
,.000568651,0
,.000578392,0
,.000569114,0
,.000576355,0
,.000571297,0
,.000574227,0
,.000575565,0
,.000584576,0
,.000572917,0
,.000569852,0
,.000569761,0
,.000587778,0
,.000576830,0
,.000569826,0
,.000578445,0
,.000573223,0
,.000578400,0
,.000576142,0
,.000583953,0
,.000573768,0
,.000572324,0
,.000576241,0
,.000576563,0
,.000571413,0
,.000594068,0
,.000569844,0
,.000568721,0
,.000577978,0
,.000577567,0
,.000614187,0
,.000567142,0
,.000585277,0
,.000574939,0
,.000573649,0
,.000613446,0
,.000580821,0
,.000574630,0
,.000573460,0
,.000570025,0
,.000617659,0
,.000580736,0
,.000562312,0
,.000568461,0
,.000566028,0
,.000568961,0
,.000572406,0
,.000583629,0
,.000584527,0
,.000603323,0
,.000568382,0
,.000573388,0
,.000566045,0
,.000580121,0
,.000578444,0
,.000576345,0
,.000574279,0
,.000581541,0
,.000574083,0
,.000576184,0
,.000606030,0
,.000577728,0
,.000567737,0
,.000581510,0
,.000571601,0
,.000596006,0
,.000569973,0
,.000576537,0
,.000571489,0
,.000581873,0
,.000573983,0
,.000633688,0
,.000570513,0
,.000574724,0
,.000588913,0
,.001729919,0
,.000615889,0
,.000575414,0
,.000576010,0
,.000571630,0
,.000563840,0
,.000571098,0
,.000567704,0
,.000570726,0
,.000585356,0
,.000569027,0
,.000572230,0
,.000573640,0
,.000571883,0
,.000585893,0
,.000575936,0
,.000574238,0
,.000574523,0
,.000571128,0
,.000569618,0
,.000575719,0
,.000573256,0
,.000610985,0
,.000570460,0
,.000569009,0
,.000574153,0
,.000568752,0
,.000611372,0
,.000571570,0
,.000607407,0
,.000573112,0
,.000576091,0
,.000608311,0
,.000567794,0
,.000567865,0
,.000582431,0
,.000575407,0
,.000572312,0
,.000594172,0
,.000574659,0
,.000573972,0
,.000572588,0
,.000571395,0
,.000571380,0
,.000585948,0
,.000588851,0
,.000571025,0
,.000568624,0
,.000578624,0
,.000571164,0
,.000638558,0
,.000574133,0
,.000571411,0
,.000570467,0
,.000574924,0
,.000623712,0
,.000572726,0
,.000593091,0
,.000574590,0
,.000565594,0
,.000573441,0
,.000566392,0
,.000583052,0
,.000577363,0
,.000574273,0
,.000574617,0
,.000576564,0
,.000583320,0
,.000581347,0
,.000570059,0
,.000572045,0
,.000577022,0
,.000598443,0
,.000571233,0
,.000578176,0
,.000571597,0
,.000590341,0
,.000574632,0
,.000580180,0
,.000567941,0
,.000570593,0
,.000597146,0
,.000563430,0
,.000577764,0
,.000581222,0
,.000582020,0
,.000573218,0
,.000574066,0
,.000574090,0
,.000563509,0
,.000581343,0
,.000613054,0
,.000576384,0
,.000570651,0
,.000576738,0
,.000585431,0
,.000610847,0
,.000582799,0
,.000576097,0
,.000564614,0
,.000569568,0
,.000626177,0
,.000574460,0
,.000573503,0
,.000566757,0
,.000575632,0
,.000578231,0
,.000605403,0
,.000575667,0
,.000584816,0
,.000563388,0
,.000574920,0
,.000579721,0
,.000573124,0
,.000584521,0
,.000583967,0
,.000570244,0
,.000574766,0
,.000583054,0
,.000582142,0
,.000592324,0
,.000564517,0
,.000574908,0
,.000570544,0
,.000577573,0
,.000582012,0
,.000573246,0
,.000575646,0
,.000577953,0
,.000579603,0
,.000574115,0
,.000595291,0
,.000579148,0
,.000571930,0
,.000578138,0
,.000565669,0
,.000570243,0
,.000622539,0
,.000563521,0
,.000592736,0
,.000571672,0
,.000568019,0
,.000612815,0
,.000576810,0
,.000577668,0
,.000594600,0
,.000571351,0
,.000573183,0
,.000573907,0
,.000573933,0
,.000573392,0
,.000574224,0
,.000569034,0
,.000580334,0
,.000565302,0
,.000579615,0
,.000573204,0
,.000573300,0
,.000577209,0
,.000571424,0
,.000578500,0
,.000601962,0
,.000571180,0
,.000574320,0
,.000576067,0
,.000583784,0
,.000613125,0
,.000575515,0
,.000575559,0
,.000571611,0
,.000575454,0
,.000569702,0
,.000572184,0
,.000587750,0
,.000570357,0
,.000574542,0
,.000569975,0
,.000578681,0
,.000627479,0
,.000574662,0
,.000586428,0
,.000574321,0
,.000570226,0
,.000622859,0
,.000574827,0
,.000571241,0
,.000576356,0
,.000569771,0
,.000618270,0
,.000573618,0
,.000596391,0
,.000574379,0
,.000573870,0
,.000570578,0
,.000597704,0
,.000572632,0
,.000574357,0
,.000575888,0
,.000578521,0
,.000569834,0
,.000569468,0
,.000577804,0
,.000578475,0
,.000580699,0
,.000572135,0
,.000567344,0
,.000589193,0
,.000573431,0
,.000567596,0
,.000590806,0
,.000571894,0
,.000585365,0
,.000573800,0
,.000584697,0
,.000572716,0
,.000569353,0
,.000600879,0
,.000573899,0
,.000571875,0
,.000613959,0
,.000584396,0
,.000574262,0
,.000577481,0
,.000572222,0
,.000580777,0
,.000573456,0
,.000575455,0
,.000587280,0
,.000579600,0
,.000621759,0
,.000574879,0
,.000573019,0
,.000571167,0
,.000568924,0
,.000572772,0
,.000601435,0
,.000571372,0
,.000575754,0
,.000579452,0
,.000603030,0
,.000571332,0
,.000573538,0
,.000583658,0
,.000581222,0
,.000568034,0
,.000575801,0
,.000572535,0
,.000586747,0
,.000569645,0
,.000587190,0
,.000567525,0
,.000578718,0
,.000582331,0
,.000570061,0
,.000574225,0
,.000578272,0
,.000578145,0
,.000584989,0
,.000574115,0
,.000581939,0
,.000572592,0
,.000566085,0
,.000585530,0
,.000575222,0
,.000570622,0
,.000643597,0
,.000571409,0
,.000575192,0
,.000575662,0
,.000574040,0
,.000618171,0
,.000587091,0
,.000567807,0
,.000576060,0
,.000572177,0
,.000647066,0
,.000577249,0
,.000572438,0
,.000571382,0
,.000575388,0
,.000619523,0
,.000598151,0
,.000562587,0
,.000569703,0
,.000565698,0
,.000574647,0
,.000578638,0
,.000570134,0
,.000583982,0
,.000569984,0
,.000593345,0
,.000566779,0
,.000574237,0
,.000582358,0
,.000576581,0
,.000575721,0
,.000599218,0
,.000575326,0
,.000583129,0
,.000567565,0
,.000569270,0
,.000568743,0
,.000600375,0
,.000579324,0
,.000574381,0
,.000570014,0
,.000568285,0
,.000577704,0
,.000576571,0
,.000570629,0
,.000570591,0
,.000627634,0
,.000573025,0
,.000591996,0
,.000574306,0
,.000572797,0
,.000655132,0
,.000563853,0
,.000572163,0
,.000577358,0
,.000573071,0
,.000621707,0
,.000580128,0
,.000572971,0
,.000616801,0
,.000575008,0
,.000573647,0
,.000572417,0
,.000573318,0
,.000573207,0
,.000585689,0
,.000565363,0
,.000569286,0
,.000579303,0
,.000576164,0
,.000573904,0
,.000594101,0
,.000577126,0
,.000571614,0
,.000579247,0
,.000571703,0
,.000568492,0
,.000576305,0
,.000575959,0
,.000588900,0
,.000571013,0
,.000569249,0
,.000577533,0
,.000564604,0
,.000574772,0
,.000577339,0
,.000568453,0
,.000616546,0
,.000578288,0
,.000575904,0
,.000578793,0
,.000575019,0
,.000620941,0
,.000573659,0
,.000560786,0
,.000563668,0
,.000624523,0
,.000618248,0
,.000576444,0
,.000576917,0
,.000570731,0
,.000578610,0
,.000565434,0
,.000597454,0
,.000585703,0
,.000640270,0
,.000651918,0
,.002975421,0
,.000573333,0
,.000573980,0
,.000657862,0
,.000578890,0
,.004406485,0
,.000647795,0
,.000652326,0
,.000619234,0
,.000573514,0
,.000576221,0
,.000571024,0
,.000574582,0
,.000677212,0
,.000573028,0
,.000574716,0
,.000572455,0
,.000619717,0
,.001658107,0
,.000611285,0
,.000574550,0
,.000569130,0
,.000573133,0
,.000574880,0
,.000615127,0
,.000570683,0
,.000578666,0
,.000572843,0
,.000575741,0
,.000563545,0
,.000565249,0
,.000568131,0
,.000611290,0
,.000572333,0
,.000570864,0
,.000577207,0
,.000576997,0
,.000606182,0
,.000572962,0
,.000572720,0
,.000570437,0
,.000566201,0
,.003068150,0
,.000573338,0
,.000570758,0
,.000621238,0
,.000566997,0
,.000567610,0
,.000571283,0
,.000576011,0
,.000622486,0
,.000570840,0
,.000574649,0
,.000570506,0
,.000571723,0
,.000573868,0
,.000574942,0
,.000581110,0
,.000571862,0
,.000572895,0
,.000572803,0
,.000568874,0
,.000574613,0
,.000580945,0
,.000570020,0
,.000572218,0
,.000574282,0
,.000566611,0
,.000579972,0
,.000572450,0
,.000576070,0
,.000592180,0
,.000574947,0
,.000575337,0
,.000569699,0
,.000574598,0
,.000589297,0
,.000576199,0
,.000572804,0
,.000574062,0
,.000568800,0
,.000637713,0
,.000576855,0
,.000574728,0
,.000578031,0
,.000566200,0
,.000608593,0
,.000575717,0
,.000563010,0
,.000576013,0
,.000566501,0
,.000611533,0
,.000570977,0
,.000603345,0
,.000574608,0
,.000563760,0
,.000571917,0
,.000571042,0
,.000576594,0
,.000573700,0
,.000607024,0
,.000565802,0
,.000570712,0
,.000568213,0
,.000581147,0
,.000581286,0
,.000572166,0
,.000584998,0
,.000569364,0
,.000576235,0
,.000572162,0
,.000593679,0
,.000573386,0
,.000571068,0
,.000588211,0
,.000571673,0
,.000581370,0
,.000575508,0
,.000572286,0
,.000568849,0
,.000567287,0
,.000586070,0
,.000617532,0
,.000571063,0
,.000570147,0
,.000600120,0
,.000572289,0
,.000614229,0
,.000562978,0
,.000571476,0
,.000569968,0
,.000604010,0
,.000613153,0
,.000571616,0
,.000567872,0
,.000570919,0
,.000603771,0
,.000607448,0
,.000575783,0
,.000569382,0
,.000566527,0
,.000571327,0
,.000589729,0
,.000566999,0
,.000569888,0
,.000609327,0
,.000575364,0
,.000595147,0
,.000571002,0
,.000569997,0
,.000579941,0
,.000577251,0
,.000574400,0
,.000575358,0
,.000605747,0
,.000584726,0
,.000575685,0
,.000577572,0
,.000570379,0
,.000578579,0
,.000563207,0
,.000564228,0
,.000611965,0
,.000576415,0
,.000575398,0
,.000563892,0
,.000573324,0
,.000570214,0
,.000639218,0
,.000567151,0
,.000569755,0
,.000597638,0
,.000573873,0
,.000614775,0
,.000569379,0
,.000574138,0
,.000587316,0
,.000568472,0
,.000617176,0
,.000563944,0
,.000604494,0
,.000569103,0
,.000573647,0
,.000571560,0
,.000577235,0
,.000580130,0
,.000580542,0
,.000606718,0
,.000572535,0
,.000572337,0
,.000570430,0
,.000577844,0
,.000568072,0
,.000574389,0
,.000585390,0
,.000576608,0
,.000588909,0
,.000572514,0
,.000573457,0
,.000569485,0
,.000573256,0
,.000594832,0
,.000573243,0
,.000571994,0
,.000576209,0
,.000566608,0
,.000596818,0
,.000564485,0
,.000579165,0
,.000579793,0
,.000581972,0
,.000571594,0
,.000574853,0
,.000601378,0
,.000610080,0
,.000577839,0
,.000573611,0
,.000574353,0
,.000574928,0
,.000629550,0
,.000577400,0
,.000576827,0
,.000576071,0
,.000567201,0
,.000632456,0
,.000574300,0
,.000573090,0
,.000573247,0
,.000584325,0
,.000570910,0
,.000602961,0
,.000576524,0
,.000571450,0
,.000564057,0
,.000570583,0
,.000567436,0
,.000583474,0
,.000592799,0
,.000575405,0
,.000571554,0
,.000568570,0
,.000586789,0
,.000577834,0
,.000578558,0
,.000564406,0
,.000573165,0
,.000567544,0
,.000580219,0
,.000576854,0
,.000576970,0
,.000574095,0
,.000590056,0
,.000565282,0
,.000573372,0
,.000572596,0
,.000570458,0
,.000606980,0
,.000574686,0
,.000574449,0
,.000575632,0
,.000578796,0
,.000590998,0
,.000568227,0
,.000570102,0
,.000578591,0
,.000576363,0
,.000573920,0
,.000566176,0
,.000595402,0
,.000570619,0
,.000619659,0
,.000578186,0
,.000573982,0
,.000567560,0
,.000561210,0
,.000589643,0
,.000570063,0
,.000571424,0
,.000578061,0
,.000571597,0
,.000579147,0
,.000572788,0
,.000575093,0
,.000584975,0
,.000572169,0
,.000568862,0
,.000613249,0
,.000575046,0
,.000585694,0
,.000578788,0
,.000575722,0
,.000566254,0
,.000606034,0
,.000582334,0
,.000570621,0
,.000560856,0
,.000580327,0
,.000571144,0
,.000594040,0
,.000568920,0
,.000570643,0
,.000576982,0
,.000576280,0
,.000574912,0
,.000596127,0
,.000569037,0
,.000608094,0
,.000571261,0
,.000567928,0
,.000602649,0
,.000576819,0
,.000622559,0
,.000573153,0
,.000575978,0
,.000595699,0
,.000577669,0
,.000616969,0
,.000575840,0
,.000601205,0
,.000572609,0
,.000571020,0
,.000610099,0
,.000572740,0
,.000583773,0
,.000577359,0
,.000567575,0
,.000574511,0
,.000574225,0
,.000594321,0
,.000575102,0
,.000573386,0
,.000573292,0
,.000575860,0
,.000568153,0
,.000613849,0
,.000571873,0
,.000578095,0
,.000569005,0
,.000567151,0
,.000584580,0
,.000609259,0
,.000576302,0
,.000572664,0
,.000573817,0
,.000586580,0
,.000577803,0
,.000568754,0
,.000573987,0
,.000571240,0
,.000575545,0
,.000587962,0
,.000577250,0
,.000621346,0
,.000582635,0
,.000570246,0
,.000580533,0
,.000570734,0
,.000616441,0
,.000581470,0
,.000568339,0
,.000591681,0
,.000569105,0
,.000616115,0
,.000570287,0
,.000574312,0
,.000588808,0
,.000574072,0
,.000610732,0
,.000566139,0
,.000586293,0
,.000570422,0
,.000573824,0
,.000586828,0
,.000584193,0
,.000569686,0
,.000580588,0
,.000569602,0
,.000594100,0
,.000569769,0
,.000565013,0
,.000610761,0
,.000570033,0
,.000571380,0
,.000573294,0
,.000566459,0
,.000580024,0
,.000604942,0
,.000566790,0
,.000574055,0
,.000570433,0
,.000575452,0
,.000579734,0
,.000574343,0
,.000595191,0
,.000568297,0
,.000573009,0
,.000572718,0
,.000579795,0
,.000610194,0
,.000571926,0
,.000582003,0
,.000567660,0
,.000582405,0
,.000612218,0
,.000579560,0
,.000574781,0
,.000576471,0
,.000568329,0
,.000619096,0
,.000573423,0
,.000578692,0
,.000571606,0
,.000634725,0
,.000567828,0
,.000573038,0
,.000566260,0
,.000576599,0
,.000590764,0
,.000569635,0
,.000574157,0
,.000573940,0
,.000582860,0
,.000579823,0
,.000608533,0
,.000575973,0
,.000573016,0
,.000582160,0
,.000602393,0
,.000576932,0
,.000573072,0
,.000571788,0
,.000614000,0
,.000579588,0
,.000568642,0
,.000568172,0
,.000569199,0
,.000602438,0
,.000569209,0
,.000571931,0
,.000573470,0
,.000592657,0
,.000575553,0
,.000571123,0
,.000575073,0
,.000619573,0
,.000571456,0
,.000571371,0
,.000569231,0
,.000571836,0
,.000610129,0
,.000570731,0
,.000564546,0
,.000573795,0
,.000576166,0
,.000611494,0
,.000587152,0
,.000575921,0
,.000576246,0
,.000575208,0
,.000623737,0
,.000573055,0
,.000569454,0
,.000575244,0
,.000570761,0
,.000565625,0
,.000609015,0
,.000571045,0
,.000580000,0
,.000577738,0
,.000599146,0
,.000565459,0
,.000575001,0
,.000586317,0
,.000580216,0
,.000572468,0
,.000569557,0
,.000595277,0
,.000595037,0
,.000573140,0
,.000592093,0
,.000573185,0
,.000571597,0
,.000608302,0
,.000572659,0
,.000576842,0
,.000572041,0
,.000576373,0
,.000598217,0
,.000578112,0
,.000572194,0
,.000571757,0
,.000569405,0
,.000578451,0
,.000569031,0
,.000569884,0
,.000578055,0
,.000589103,0
,.000566815,0
,.000576805,0
,.000572848,0
,.000612332,0
,.000593213,0
,.000569786,0
,.000572926,0
,.000578666,0
,.000605151,0
,.000568057,0
,.000573890,0
,.000572608,0
,.000572874,0
,.000624972,0
,.000593721,0
,.000571510,0
,.000578091,0
,.000574066,0
,.000600502,0
,.000574415,0
,.000575826,0
,.000574407,0
,.000582457,0
,.000569214,0
,.000571125,0
,.000571752,0
,.000596565,0
,.000570773,0
,.000573163,0
,.000575476,0
,.000578853,0
,.000584513,0
,.000572105,0
,.000569711,0
,.000574192,0
,.000571881,0
,.000583382,0
,.000572416,0
,.000581034,0
,.000570030,0
,.000577485,0
,.000578519,0
,.000581958,0
,.000570146,0
,.000580276,0
,.000575286,0
,.000574088,0
,.000593353,0
,.000574522,0
,.000617581,0
,.000568123,0
,.000571100,0
,.000582397,0
,.000568701,0
,.000627931,0
,.000567215,0
,.000574252,0
,.000574949,0
,.000568462,0
,.000618791,0
,.000622313,0
,.000571097,0
,.000567032,0
,.000565433,0
,.000573129,0
,.000594699,0
,.000577088,0
,.000571813,0
,.000573897,0
,.000571994,0
,.000588665,0
,.000567762,0
,.000578521,0
,.000585015,0
,.000572477,0
,.000593162,0
,.000576522,0
,.000578929,0
,.000568733,0
,.000581943,0
,.000562718,0
,.000583384,0
,.000584665,0
,.000607716,0
,.000573838,0
,.000573790,0
,.000564442,0
,.000570100,0
,.000616905,0
,.000569361,0
,.000577176,0
,.000582061,0
,.000573854,0
,.000565078,0
,.000596673,0
,.000604104,0
,.000575431,0
,.000577399,0
,.000584692,0
,.000572341,0
,.000616036,0
,.000576083,0
,.000569595,0
,.003538572,0
,.000578699,0
,.000575163,0
,.000566395,0
,.000565662,0
,.000573840,0
,.000575436,0
,.000570267,0
,.000584338,0
,.000567632,0
,.000574654,0
,.000594235,0
,.000571831,0
,.000574227,0
,.000573854,0
,.000588617,0
,.000572839,0
,.000594762,0
,.000760975,0
,.003963811,0
,.000574196,0
,.000583623,0
,.000573822,0
,.000569995,0
,.000576506,0
,.000576331,0
,.000740767,0
,.000654226,0
,.000576739,0
,.000578106,0
,.000571690,0
,.008299248,0
,.000580189,0
,.000575692,0
,.000573465,0
,.000573131,0
,.000577251,0
,.000569644,0
,.000575645,0
,.003801608,0
,.000572975,0
,.000577428,0
,.000617240,0
,.000568023,0
,.000584305,0
,.000574586,0
,.000571282,0
,.000573134,0
,.000611279,0
,.000571656,0
,.000572439,0
,.000570406,0
,.000575785,0
,.000572028,0
,.000600729,0
,.002542095,0
,.000593415,0
,.000575986,0
,.000572884,0
,.000572196,0
,.000576015,0
,.000603611,0
,.000572739,0
,.000576709,0
,.000572106,0
,.000577658,0
,.000566423,0
,.000569796,0
,.000576175,0
,.000606346,0
,.000578961,0
,.000573341,0
,.000574583,0
,.000567844,0
,.000604561,0
,.000577289,0
,.000570425,0
,.000576321,0
,.000577525,0
,.000612845,0
,.000609009,0
,.000571694,0
,.000571275,0
,.000571715,0
,.000573256,0
,.000566313,0
,.000592391,0
,.000575493,0
,.000572268,0
,.000571816,0
,.000573711,0
,.000592454,0
,.000580151,0
,.000577916,0
,.000594794,0
,.000577023,0
,.000565519,0
,.000586991,0
,.000597157,0
,.000572799,0
,.000573836,0
,.000576571,0
,.000577411,0
,.000573765,0
,.000584335,0
,.000574657,0
,.000573627,0
,.000579204,0
,.000567662,0
,.000576041,0
,.000594533,0
,.000576635,0
,.000571058,0
,.000584025,0
,.000571396,0
,.000645035,0
,.000576478,0
,.000572540,0
,.000577077,0
,.000600683,0
,.000614925,0
,.000574913,0
,.000570226,0
,.000580205,0
,.000574461,0
,.000635439,0
,.000572825,0
,.000564376,0
,.000577816,0
,.000564592,0
,.000582606,0
,.000576877,0
,.000566703,0
,.000609660,0
,.000572041,0
,.000570978,0
,.000571319,0
,.000572114,0
,.000605151,0
,.000567448,0
,.000565502,0
,.000571296,0
,.000571721,0
,.000599271,0
,.000571731,0
,.000572332,0
,.000572607,0
,.000564313,0
,.000599234,0
,.000570637,0
,.000574030,0
,.000576036,0
,.000589900,0
,.000566947,0
,.000574224,0
,.000570390,0
,.000610516,0
,.000576850,0
,.000576169,0
,.000578047,0
,.000565931,0
,.000653631,0
,.000569929,0
,.000572342,0
,.000573948,0
,.000567705,0
,.000629741,0
,.000573028,0
,.000573184,0
,.000580147,0
,.000574839,0
,.000650175,0
,.000566360,0
,.000570599,0
,.000570143,0
,.000573665,0
,.000578314,0
,.000576130,0
,.000570438,0
,.000580205,0
,.000578509,0
,.000570458,0
,.000571864,0
,.000582346,0
,.000581220,0
,.000574044,0
,.000569853,0
,.000588477,0
,.000566157,0
,.000583283,0
,.000586349,0
,.000569982,0
,.000572656,0
,.000571935,0
,.000593876,0
,.000570745,0
,.000568881,0
,.000572766,0
,.000558910,0
,.000575584,0
,.000577928,0
,.000575380,0
,.000595062,0
,.000574211,0
,.000573238,0
,.000609210,0
,.000578618,0
,.000609688,0
,.000571512,0
,.000599378,0
,.000570611,0
,.000578077,0
,.000636067,0
,.000589898,0
,.000574412,0
,.000572285,0
,.000568724,0
,.000627901,0
,.000575703,0
,.000571512,0
,.000577507,0
,.000572923,0
,.000631834,0
,.000567417,0
,.000573712,0
,.000572618,0
,.000574035,0
,.000597245,0
,.000568538,0
,.000575108,0
,.000589744,0
,.000582792,0
,.000567187,0
,.000592024,0
,.000570287,0
,.000582675,0
,.000575113,0
,.000570866,0
,.000570128,0
,.000600554,0
,.000580584,0
,.000566512,0
,.000567856,0
,.000570727,0
,.000571082,0
,.000589670,0
,.000575578,0
,.000570633,0
,.000607323,0
,.000574761,0
,.000575738,0
,.000568124,0
,.000570904,0
,.000618498,0
,.000598084,0
,.000575183,0
,.000573827,0
,.000575209,0
,.000607432,0
,.000571307,0
,.000562506,0
,.000577019,0
,.000569149,0
,.000623025,0
,.000568329,0
,.000582497,0
,.000574119,0
,.000583719,0
,.000568370,0
,.000579066,0
,.000568193,0
,.000571217,0
,.000587299,0
,.000574586,0
,.000572247,0
,.000575385,0
,.000579326,0
,.000588681,0
,.000570662,0
,.000573620,0
,.000576084,0
,.000588178,0
,.000574599,0
,.000570978,0
,.000578156,0
,.000575305,0
,.000578355,0
,.000584306,0
,.000570502,0
,.000576389,0
,.000570046,0
,.000571075,0
,.000574240,0
,.000585781,0
,.000574163,0
,.000567073,0
,.000576126,0
,.000612987,0
,.000574104,0
,.000614464,0
,.000578708,0
,.000610211,0
,.000571427,0
,.000569785,0
,.000612886,0
,.000573919,0
,.000594355,0
,.000565323,0
,.000565492,0
,.000576162,0
,.000587130,0
,.000565699,0
,.000604124,0
,.000580823,0
,.000569477,0
,.000573243,0
,.000589981,0
,.000575210,0
,.000562978,0
,.000573451,0
,.000579541,0
,.000573097,0
,.000581549,0
,.000567620,0
,.000576073,0
,.000585487,0
,.000576225,0
,.000579886,0
,.000572467,0
,.000578308,0
,.000591381,0
,.000570683,0
,.000573163,0
,.000568447,0
,.000573516,0
,.000578519,0
,.000573563,0
,.000572613,0
,.000597439,0
,.000569690,0
,.000574844,0
,.000574467,0
,.000575597,0
,.000594271,0
,.000572394,0
,.000610708,0
,.000572591,0
,.000583431,0
,.000569739,0
,.000574839,0
,.000613373,0
,.000572969,0
,.000571330,0
,.000570023,0
,.000606370,0
,.000613558,0
,.000566104,0
,.000569956,0
,.000581228,0
,.000573225,0
,.000570716,0
,.000580308,0
,.000572476,0
,.000574802,0
,.000579187,0
,.000566550,0
,.000579884,0
,.000575974,0
,.000607421,0
,.000574627,0
,.000572220,0
,.000575430,0
,.000595253,0
,.000574870,0
,.000572310,0
,.000575554,0
,.000578997,0
,.000575857,0
,.000589063,0
,.000573746,0
,.000582592,0
,.000575860,0
,.000568531,0
,.000595757,0
,.000569892,0
,.000576502,0
,.000578721,0
,.000577579,0
,.000572858,0
,.000576032,0
,.000593443,0
,.000573267,0
,.000572195,0
,.000568035,0
,.000570157,0
,.000596296,0
,.000609021,0
,.000576055,0
,.000594008,0
,.000574512,0
,.000574495,0
,.000665007,0
,.000567892,0
,.000575464,0
,.000569739,0
,.000574475,0
,.000631312,0
,.000574119,0
,.000573066,0
,.000566012,0
,.000577319,0
,.000567657,0
,.000574394,0
,.000585806,0
,.000565822,0
,.000587876,0
,.000571111,0
,.000571275,0
,.000583570,0
,.000581288,0
,.000577856,0
,.000575900,0
,.000593687,0
,.000571340,0
,.000572070,0
,.000571898,0
,.000569156,0
,.000568637,0
,.000570461,0
,.000582505,0
,.000567366,0
,.000620857,0
,.000575706,0
,.000575255,0
,.000570644,0
,.000573609,0
,.000593349,0
,.000570576,0
,.000569814,0
,.000574714,0
,.000576645,0
,.000572552,0
,.000625141,0
,.000580662,0
,.000575748,0
,.000575673,0
,.000571104,0
,.000593177,0
,.000574712,0
,.000569911,0
,.000593448,0
,.000571814,0
,.000584307,0
,.000573567,0
,.000577946,0
,.000576117,0
,.000569643,0
,.000585051,0
,.000577523,0
,.000590707,0
,.000580396,0
,.000574303,0
,.000577379,0
,.000610012,0
,.000573980,0
,.000626431,0
,.000569846,0
,.000576919,0
,.000580151,0
,.000574187,0
,.000585824,0
,.000586897,0
,.000569175,0
,.000575632,0
,.000569054,0
,.000631466,0
,.000571685,0
,.000605365,0
,.000573286,0
,.000569882,0
,.000570125,0
,.000587197,0
,.000571763,0
,.000585228,0
,.000570732,0
,.004002968,0
,.000573909,0
,.000570278,0
,.000580261,0
,.000568719,0
,.000571637,0
,.000579806,0
,.000573385,0
,.000569875,0
,.000575362,0
,.000575889,0
,.000610283,0
,.000574438,0
,.000569407,0
,.000564723,0
,.000571455,0
,.000572259,0
,.000606108,0
,.000571585,0
,.000564679,0
,.000599135,0
,.000612338,0
,.000565914,0
,.000600076,0
,.000560576,0
,.000574413,0
,.000572702,0
,.000573960,0
,.000589529,0
,.000566714,0
,.000567098,0
,.000580942,0
,.000569623,0
,.000588523,0
,.000584400,0
,.000565279,0
,.000585014,0
,.000579004,0
,.000573913,0
,.000578492,0
,.000586840,0
,.000574844,0
,.000578649,0
,.000572609,0
,.000578595,0
,.000573671,0
,.000571386,0
,.000572760,0
,.000575341,0
,.000580439,0
,.000563933,0
,.000586296,0
,.000576017,0
,.000576124,0
,.000571117,0
,.000570556,0
,.000577343,0
,.000611684,0
,.000569175,0
,.000606840,0
,.000571588,0
,.000568323,0
,.000632947,0
,.000565552,0
,.000574468,0
,.000580045,0
,.000570712,0
,.000615386,0
,.000573576,0
,.000578126,0
,.000583365,0
,.000574122,0
,.000619585,0
,.000572404,0
,.000588841,0
,.000570216,0
,.000576063,0
,.000571418,0
,.000568506,0
,.000586188,0
,.000575457,0
,.000574858,0
,.000597388,0
,.000565936,0
,.000572771,0
,.000589782,0
,.000576786,0
,.000597071,0
,.000571660,0
,.000572778,0
,.000579322,0
,.000578577,0
,.000572615,0
,.000572991,0
,.000568954,0
,.000576078,0
,.000588786,0
,.000571680,0
,.000576173,0
,.000616618,0
,.000571480,0
,.000573187,0
,.000564039,0
,.000564915,0
,.000580772,0
,.000572066,0
,.000569782,0
,.000579727,0
,.000618782,0
,.000569506,0
,.000574786,0
,.000610642,0
,.000574864,0
,.000623027,0
,.000567275,0
,.000564068,0
,.000583912,0
,.000576213,0
,.000619288,0
,.000627135,0
,.000575253,0
,.000573051,0
,.000574118,0
,.004334859,0
,.000574267,0
,.000566342,0
,.000578548,0
,.000572476,0
,.000570901,0
,.000575392,0
,.000573069,0
,.000581592,0
,.000569598,0
,.000565912,0
,.000571380,0
,.000575110,0
,.000569794,0
,.000572178,0
,.000566877,0
,.000572902,0
,.000577490,0
,.000658233,0
,.000682256,0
,.000573129,0
,.000579600,0
,.000572631,0
,.000576919,0
,.000576204,0
,.000571338,0
,.000608962,0
,.000573448,0
,.000576460,0
,.000574878,0
,.000611357,0
,.000736395,0
,.000573582,0
,.000618970,0
,.004604469,0
,.000575017,0
,.000600928,0
,.000572550,0
,.000575938,0
,.006481352,0
,.000571455,0
,.000581695,0
,.000573510,0
,.000570752,0
,.007515890,0
,.000572399,0
,.000567516,0
,.000575683,0
,.000572915,0
,.000606021,0
,.000574234,0
,.000566630,0
,.000649426,0
,.000582091,0
,.000574791,0
,.003907119,0
,.000574133,0
,.000573630,0
,.000616163,0
,.000568483,0
,.000571986,0
,.000574685,0
,.000572779,0
,.000606488,0
,.000572893,0
,.000568703,0
,.000571723,0
,.000572263,0
,.000581637,0
,.000575657,0
,.000574328,0
,.000572469,0
,.000568706,0
,.000572374,0
,.000572841,0
,.000573485,0
,.000599962,0
,.000571912,0
,.000582060,0
,.000573276,0
,.000584806,0
,.000574319,0
,.000593378,0
,.000568551,0
,.000578493,0
,.000573729,0
,.000579293,0
,.000574514,0
,.000597103,0
,.000576048,0
,.000573520,0
,.000572862,0
,.000598945,0
,.000574140,0
,.000567725,0
,.000569956,0
,.000573785,0
,.000571641,0
,.000577582,0
,.000626518,0
,.000568931,0
,.000572088,0
,.000564704,0
,.000570821,0
,.000621490,0
,.000567754,0
,.000566613,0
,.000595862,0
,.000575016,0
,.000611650,0
,.000578297,0
,.000572064,0
,.000577474,0
,.000575209,0
,.000595659,0
,.000575509,0
,.000573325,0
,.000574362,0
,.000588664,0
,.000568219,0
,.000574592,0
,.000593008,0
,.000581790,0
,.000566579,0
,.000573650,0
,.000587729,0
,.000576633,0
,.000577851,0
,.000568722,0
,.000574911,0
,.000577486,0
,.000584783,0
,.000580799,0
,.000564133,0
,.000596243,0
,.000576555,0
,.000576452,0
,.000565922,0
,.000611334,0
,.000575449,0
,.000570224,0
,.000568182,0
,.000574851,0
,.000592675,0
,.000578642,0
,.000624491,0
,.000571114,0
,.000570017,0
,.000576373,0
,.000572886,0
,.000611426,0
,.000569438,0
,.000596351,0
,.000570736,0
,.000569137,0
,.000577918,0
,.000573725,0
,.000581625,0
,.000570634,0
,.000569867,0
,.000588085,0
,.000571706,0
,.000583013,0
,.000570144,0
,.000573696,0
,.000576976,0
,.000575822,0
,.000586066,0
,.000586393,0
,.000590452,0
,.000578864,0
,.000571401,0
,.000573747,0
,.000584104,0
,.000579250,0
,.000577548,0
,.000573492,0
,.000573923,0
,.000578935,0
,.000598224,0
,.000572173,0
,.000573221,0
,.000621235,0
,.000577831,0
,.000567377,0
,.000569143,0
,.000562383,0
,.000569420,0
,.000565991,0
,.000570920,0
,.000595552,0
,.000572287,0
,.000578563,0
,.000572034,0
,.000611479,0
,.000576313,0
,.000611357,0
,.000579443,0
,.000573872,0
,.000586753,0
,.000569481,0
,.000617032,0
,.000598874,0
,.000567194,0
,.000572477,0
,.000593864,0
,.000634160,0
,.000569812,0
,.000573436,0
,.000607663,0
,.000573306,0
,.000580154,0
,.000607045,0
,.000573390,0
,.000574283,0
,.000574224,0
,.000603805,0
,.000571883,0
,.000572917,0
,.000603671,0
,.000569459,0
,.000574429,0
,.000594530,0
,.000573218,0
,.000579348,0
,.000572095,0
,.000580171,0
,.000594055,0
,.000570590,0
,.000583701,0
,.000602168,0
,.000562098,0
,.000574483,0
,.000593325,0
,.000575903,0
,.000577511,0
,.000573463,0
,.000575581,0
,.000574051,0
,.000572735,0
,.000574724,0
,.000584208,0
,.000607826,0
,.000592108,0
,.000576965,0
,.000571970,0
,.000608725,0
,.000575482,0
,.000574011,0
,.000573133,0
,.000585890,0
,.000566596,0
,.000608910,0
,.000584262,0
,.000572766,0
,.000571033,0
,.000574830,0
,.000641333,0
,.000562685,0
,.000565358,0
,.000586231,0
,.000571938,0
,.000581686,0
,.000565852,0
,.000573719,0
,.000578066,0
,.000575730,0
,.000578009,0
,.000568687,0
,.000571329,0
,.000577438,0
,.000583934,0
,.000571052,0
,.000580798,0
,.000567924,0
,.000577902,0
,.000582102,0
,.000571917,0
,.000573978,0
,.000573612,0
,.000594130,0
,.000571956,0
,.000569435,0
,.000576705,0
,.000603945,0
,.000578112,0
,.000571421,0
,.000564968,0
,.000569560,0
,.000614039,0
,.000570772,0
,.000568360,0
,.000577161,0
,.000612788,0
,.000575966,0
,.000574157,0
,.000612996,0
,.000575161,0
,.000620068,0
,.000570372,0
,.000619903,0
,.000580599,0
,.000577207,0
,.000624429,0
,.000599955,0
,.000571303,0
,.000571717,0
,.000600617,0
,.000615327,0
,.000574377,0
,.000569977,0
,.000571874,0
,.000573250,0
,.000576608,0
,.000602916,0
,.000568704,0
,.000571368,0
,.000569610,0
,.000611639,0
,.000572808,0
,.000572588,0
,.000584135,0
,.000573016,0
,.000584242,0
,.000573347,0
,.000581405,0
,.000579474,0
,.000585014,0
,.000578893,0
,.000595312,0
,.000573671,0
,.000585105,0
,.000596051,0
,.000568832,0
,.000573767,0
,.000578993,0
,.000576056,0
,.000595905,0
,.000573913,0
,.000567957,0
,.000566640,0
,.000606438,0
,.000571763,0
,.000570799,0
,.000617706,0
,.000576205,0
,.000578041,0
,.000572425,0
,.000574039,0
,.000629683,0
,.000574559,0
,.000573373,0
,.000589939,0
,.000568214,0
,.000614517,0
,.000575661,0
,.000607507,0
,.000572006,0
,.000573815,0
,.000569762,0
,.000587078,0
,.000574124,0
,.000575054,0
,.000596436,0
,.000572349,0
,.000568577,0
,.000570552,0
,.000603563,0
,.000575845,0
,.000574819,0
,.000571785,0
,.000570040,0
,.000591300,0
,.000560486,0
,.000599383,0
,.000568965,0
,.000570573,0
,.000574103,0
,.000565543,0
,.000605982,0
,.000569645,0
,.000572198,0
,.000571022,0
,.000601213,0
,.000569048,0
,.000580413,0
,.000577109,0
,.000569626,0
,.000585097,0
,.000569223,0
,.000618558,0
,.000571403,0
,.000570600,0
,.000581185,0
,.000571165,0
,.000605129,0
,.000620840,0
,.000573216,0
,.000569690,0
,.000575792,0
,.000618188,0
,.000620425,0
,.000572359,0
,.000576092,0
,.000567455,0
,.000575335,0
,.000570387,0
,.000570693,0
,.000582649,0
,.000583454,0
,.000566155,0
,.000578256,0
,.000587808,0
,.000578614,0
,.000581820,0
,.000576653,0
,.000570691,0
,.000617728,0
,.000577118,0
,.000573173,0
,.000577405,0
,.000571968,0
,.000587767,0
,.000575546,0
,.000570475,0
,.000580730,0
,.000576177,0
,.000570301,0
,.000586279,0
,.000565046,0
,.000583891,0
,.000571177,0
,.000573807,0
,.000589962,0
,.000572624,0
,.000571184,0
,.000575217,0
,.000583549,0
,.000572304,0
,.000568822,0
,.000607266,0
,.000617827,0
,.000569896,0
,.000579901,0
,.000571630,0
,.000585948,0
,.000611784,0
,.000582053,0
,.000576061,0
,.000600875,0
,.000571642,0
,.000616775,0
,.000571790,0
,.000575229,0
,.000576270,0
,.000604792,0
,.000573956,0
,.000576734,0
,.000575034,0
,.000569334,0
,.000581801,0
,.000567208,0
,.000563588,0
,.000578684,0
,.000583037,0
,.000567507,0
,.000570295,0
,.000589655,0
,.000581564,0
,.000578635,0
,.000618047,0
,.000574158,0
,.000571985,0
,.000567515,0
,.000606817,0
,.000572731,0
,.000572799,0
,.000576910,0
,.000572114,0
,.000587610,0
,.000572411,0
,.000572458,0
,.000570001,0
,.000569467,0
,.000601563,0
,.000571186,0
,.000572206,0
,.000611781,0
,.000586759,0
,.000571233,0
,.000568516,0
,.000594604,0
,.000612986,0
,.000568623,0
,.000572560,0
,.000578811,0
,.000598508,0
,.000570754,0
,.000574786,0
,.000588668,0
,.000572501,0
,.000592110,0
,.000615105,0
,.000572183,0
,.000594141,0
,.000576516,0
,.000575897,0
,.000592991,0
,.000567901,0
,.000569069,0
,.000580688,0
,.000567022,0
,.000568228,0
,.000581437,0
,.000568396,0
,.000574312,0
,.000585115,0
,.000578137,0
,.000574125,0
,.000576939,0
,.000625346,0
,.000577369,0
,.000574355,0
,.000575668,0
,.000574414,0
,.000611864,0
,.000562419,0
,.000599516,0
,.000579605,0
,.000569898,0
,.000571036,0
,.000571989,0
,.000582824,0
,.000580834,0
,.000591618,0
,.000573292,0
,.000573835,0
,.000574166,0
,.000625709,0
,.000574328,0
,.000578344,0
,.000571493,0
,.000574038,0
,.000601106,0
,.000565363,0
,.000570956,0
,.000584426,0
,.000577361,0
,.000579483,0
,.000566042,0
,.000581357,0
,.000576410,0
,.000572623,0
,.000589189,0
,.000560988,0
,.000574023,0
,.000578478,0
,.000572068,0
,.000577134,0
,.000574873,0
,.000564137,0
,.000639985,0
,.000572705,0
,.000572283,0
,.000592340,0
,.000578746,0
,.000582050,0
,.000587079,0
,.000561572,0
,.000580864,0
,.000563629,0
,.000575951,0
,.000574815,0
,.000574911,0
,.000576585,0
,.000570351,0
,.000590353,0
,.000574597,0
,.000574625,0
,.000575969,0
,.000581483,0
,.000566481,0
,.000571417,0
,.000580797,0
,.000577927,0
,.000591881,0
,.000574633,0
,.000572380,0
,.000571587,0
,.000574953,0
,.000621286,0
,.000563598,0
,.000572769,0
,.000572989,0
,.000583735,0
,.000571956,0
,.000582668,0
,.000574815,0
,.000580230,0
,.000567998,0
,.000580693,0
,.000575605,0
,.000602832,0
,.000567770,0
,.000574873,0
,.000577384,0
,.000586978,0
,.000636529,0
,.000576684,0
,.000563179,0
,.000582554,0
,.000567406,0
,.000673681,0
,.000572689,0
,.000572722,0
,.000573960,0
,.000573885,0
,.000615344,0
,.000577875,0
,.000574140,0
,.000576697,0
,.000580790,0
,.000580404,0
,.000573330,0
,.000566709,0
,.000621710,0
,.000570877,0
,.000570845,0
,.000572986,0
,.000578032,0
,.000573560,0
,.000578993,0
,.000575160,0
,.000568427,0
,.000686234,0
,.000649807,0
,.000600394,0
,.000601809,0
,.000584903,0
,.000580320,0
,.000604488,0
,.000567308,0
,.000598147,0
,.000573933,0
,.000563613,0
,.000572346,0
,.000635857,0
,.000688024,0
,.000572920,0
,.006025361,0
,.000611874,0
,.000566998,0
,.000576916,0
,.000575143,0
,.000569859,0
,.000570758,0
,.000576776,0
,.000576884,0
,.000611557,0
,.000570975,0
,.000573950,0
,.000573683,0
,.000571086,0
,.000651740,0
,.000579818,0
,.000562120,0
,.005123910,0
,.000580376,0
,.000563257,0
,.000577814,0
,.000603085,0
,.000575964,0
,.000573082,0
,.000578082,0
,.000635991,0
,.000571219,0
,.000572914,0
,.000572059,0
,.000573397,0
,.000638239,0
,.000577989,0
,.000571588,0
,.000576462,0
,.000569868,0
,.000574375,0
,.000577458,0
,.000567777,0
,.000585344,0
,.000569623,0
,.000570536,0
,.000571559,0
,.000575689,0
,.000575033,0
,.000576370,0
,.000578120,0
,.000574938,0
,.000576611,0
,.000573598,0
,.000575546,0
,.000574047,0
,.000607826,0
,.000600119,0
,.000574685,0
,.000576823,0
,.000579050,0
,.000615020,0
,.000589318,0
,.000570855,0
,.000578712,0
,.000573946,0
,.000624981,0
,.000565549,0
,.000587838,0
,.000580306,0
,.000568617,0
,.000574303,0
,.000571081,0
,.000584773,0
,.000576538,0
,.000577626,0
,.000569375,0
,.000572037,0
,.000592668,0
,.000578414,0
,.000574831,0
,.000568113,0
,.000572768,0
,.000575384,0
,.000572283,0
,.000584588,0
,.000574741,0
,.000594396,0
,.000568823,0
,.000580221,0
,.000570867,0
,.000595895,0
,.000574068,0
,.000564171,0
,.000576076,0
,.000580091,0
,.000573045,0
,.000608438,0
,.000567651,0
,.000566657,0
,.000573880,0
,.000611934,0
,.000621128,0
,.000572018,0
,.000569187,0
,.000574955,0
,.000583281,0
,.000632069,0
,.000572667,0
,.000598334,0
,.000573573,0
,.000568885,0
,.000613234,0
,.000587319,0
,.000572971,0
,.000591175,0
,.000574508,0
,.000619568,0
,.000577873,0
,.000566896,0
,.000608602,0
,.000567023,0
,.000570874,0
,.000565330,0
,.000595908,0
,.000581682,0
,.000569666,0
,.000578315,0
,.000570484,0
,.000616346,0
,.000580410,0
,.000573334,0
,.000573558,0
,.000568003,0
,.000601268,0
,.000575299,0
,.000576263,0
,.000598464,0
,.000577645,0
,.000570511,0
,.000598466,0
,.000569568,0
,.000575655,0
,.000572476,0
,.000587769,0
,.000577160,0
,.000596473,0
,.000568897,0
,.000579458,0
,.000605004,0
,.000567664,0
,.000571904,0
,.000584037,0
,.000571903,0
,.000566076,0
,.000573573,0
,.000620643,0
,.000574071,0
,.000612370,0
,.000572195,0
,.000576440,0
,.000572505,0
,.000573164,0
,.000620652,0
,.000571237,0
,.000569000,0
,.000579878,0
,.000575635,0
,.000638211,0
,.000569594,0
,.000580756,0
,.000573501,0
,.000577202,0
,.000571442,0
,.000596347,0
,.000564293,0
,.000572342,0
,.000597774,0
,.000566997,0
,.000570038,0
,.000569875,0
,.000579635,0
,.000590595,0
,.000573072,0
,.000575215,0
,.000572609,0
,.000601045,0
,.000566818,0
,.000574046,0
,.000572556,0
,.000586860,0
,.000582222,0
,.000606177,0
,.000573034,0
,.000566645,0
,.000568436,0
,.000569778,0
,.000605382,0
,.000572115,0
,.000576750,0
,.000583888,0
,.000571381,0
,.000603655,0
,.000571682,0
,.000613594,0
,.000567429,0
,.000581531,0
,.000569286,0
,.000572983,0
,.000615768,0
,.000594396,0
,.000572136,0
,.000576130,0
,.000602001,0
,.000621412,0
,.000579298,0
,.000571650,0
,.000577314,0
,.000585725,0
,.000624799,0
,.000573567,0
,.000575309,0
,.000591081,0
,.000566137,0
,.000616789,0
,.000573398,0
,.000600142,0
,.000572897,0
,.000577995,0
,.000571981,0
,.000592672,0
,.000568569,0
,.000582315,0
,.000574471,0
,.000576614,0
,.000573403,0
,.000584533,0
,.000577718,0
,.000571368,0
,.000568369,0
,.000598641,0
,.000575936,0
,.000584679,0
,.000568805,0
,.000577233,0
,.000575896,0
,.000570377,0
,.000582934,0
,.000571913,0
,.000566631,0
,.000600468,0
,.000571509,0
,.000577051,0
,.000601789,0
,.000578871,0
,.000572850,0
,.000570474,0
,.000572579,0
,.000571581,0
,.000565533,0
,.000618822,0
,.000581858,0
,.000573471,0
,.000566578,0
,.000569549,0
,.000615121,0
,.000572449,0
,.000571193,0
,.000579718,0
,.000612928,0
,.000615692,0
,.000574957,0
,.000576766,0
,.000586933,0
,.000577693,0
,.000585152,0
,.000574392,0
,.000571089,0
,.000568089,0
,.000578670,0
,.000563708,0
,.000570474,0
,.000573356,0
,.000573563,0
,.000573733,0
,.000573108,0
,.000578975,0
,.000564198,0
,.000654730,0
,.000568347,0
,.000566723,0
,.000572109,0
,.000569696,0
,.000606043,0
,.000572417,0
,.000570458,0
,.000583652,0
,.000571240,0
,.000581706,0
,.000575470,0
,.000573594,0
,.000601172,0
,.000574822,0
,.000570551,0
,.000574997,0
,.000576977,0
,.000621230,0
,.000572510,0
,.000623188,0
,.000567052,0
,.000569641,0
,.000654751,0
,.000570568,0
,.000579929,0
,.000596021,0
,.000557794,0
,.000646872,0
,.000574388,0
,.000570942,0
,.000571671,0
,.000570393,0
,.000642245,0
,.000572360,0
,.000571802,0
,.000578778,0
,.000569188,0
,.000571991,0
,.000576656,0
,.000584785,0
,.000569221,0
,.000571997,0
,.000579354,0
,.000572445,0
,.000574014,0
,.000580420,0
,.000577340,0
,.000566613,0
,.000577944,0
,.000580477,0
,.000577052,0
,.000591866,0
,.000573322,0
,.000572674,0
,.000568739,0
,.000581699,0
,.000583344,0
,.000569925,0
,.000579300,0
,.000567710,0
,.000590626,0
,.000571863,0
,.000573887,0
,.000579617,0
,.000565972,0
,.000568608,0
,.000583992,0
,.000579975,0
,.000670194,0
,.000573425,0
,.000571678,0
,.000566471,0
,.000578960,0
,.000612806,0
,.000573771,0
,.000569923,0
,.000590233,0
,.000575391,0
,.000608394,0
,.000601071,0
,.000572283,0
,.000571109,0
,.000599503,0
,.000618700,0
,.000571976,0
,.000595510,0
,.000575171,0
,.000577260,0
,.000589580,0
,.000567066,0
,.000569425,0
,.000572018,0
,.000593170,0
,.000577308,0
,.000569985,0
,.000579733,0
,.000580055,0
,.000585930,0
,.000574624,0
,.000577152,0
,.000613709,0
,.000580909,0
,.000573880,0
,.000594701,0
,.000565980,0
,.000565458,0
,.000592301,0
,.000569986,0
,.000632915,0
,.000568993,0
,.000570178,0
,.000586877,0
,.000572165,0
,.000578336,0
,.000576492,0
,.000574434,0
,.000577051,0
,.000564633,0
,.000575888,0
,.000579253,0
,.000582569,0
,.000575279,0
,.000574323,0
,.000575630,0
,.000611056,0
,.000571670,0
,.000576309,0
,.000580205,0
,.000579282,0
,.000612396,0
,.000589549,0
,.000573420,0
,.000583881,0
,.000577735,0
,.000647770,0
,.000569807,0
,.000573614,0
,.000579055,0
,.000567034,0
,.000646472,0
,.000569391,0
,.000566915,0
,.000595931,0
,.000571719,0
,.000610937,0
,.000623258,0
,.000576373,0
,.000574961,0
,.000570147,0
,.000570369,0
,.000604887,0
,.000571455,0
,.000572961,0
,.000595276,0
,.000570278,0
,.000569929,0
,.000562659,0
,.000573912,0
,.000597051,0
,.000574445,0
,.000574254,0
,.000570239,0
,.000577479,0
,.000601486,0
,.000570660,0
,.000566813,0
,.000569113,0
,.000596119,0
,.000573637,0
,.000575856,0
,.000601922,0
,.000572548,0
,.000576642,0
,.000566366,0
,.002545878,0
,.000615379,0
,.000580402,0
,.000574908,0
,.000573733,0
,.001095470,0
,.000571238,0
,.000567290,0
,.000576075,0
,.000581950,0
,.000567413,0
,.000571695,0
,.000570798,0
,.000567985,0
,.000580073,0
,.000570098,0
,.000576434,0
,.000568543,0
,.000578271,0
,.000581071,0
,.000584359,0
,.000576498,0
,.000583254,0
,.000570296,0
,.000572280,0
,.000570171,0
,.000591028,0
,.000577470,0
,.000570946,0
,.000588332,0
,.000564441,0
,.000572368,0
,.000621840,0
,.000573609,0
,.000610861,0
,.000577897,0
,.000572701,0
,.000620222,0
,.000573347,0
,.000596398,0
,.000571544,0
,.000575237,0
,.000628893,0
,.000577692,0
,.000584845,0
,.000581143,0
,.000578358,0
,.000602992,0
,.000579748,0
,.000570575,0
,.000597710,0
,.000571885,0
,.000567601,0
,.000569224,0
,.000595827,0
,.000582482,0
,.000568160,0
,.000616337,0
,.000574675,0
,.000568820,0
,.000601062,0
,.000571365,0
,.000572311,0
,.000586257,0
,.000573481,0
,.000582186,0
,.000613374,0
,.000576911,0
,.000572793,0
,.000577914,0
,.000596033,0
,.000574312,0
,.000568983,0
,.000614026,0
,.000576059,0
,.000580217,0
,.000568719,0
,.000591129,0
,.000576223,0
,.000577471,0
,.000572235,0
,.000623683,0
,.000571577,0
,.000575151,0
,.000575197,0
,.000572019,0
,.000617171,0
,.000569920,0
,.000619758,0
,.000574158,0
,.000572010,0
,.000588882,0
,.000571687,0
,.000597696,0
,.000605218,0
,.000573456,0
,.000574184,0
,.000636311,0
,.000612593,0
,.000571986,0
,.000574041,0
,.000588337,0
,.000571304,0
,.000624286,0
,.000573808,0
,.000574663,0
,.000569820,0
,.000569449,0
,.000573613,0
,.000569562,0
,.000573926,0
,.000573916,0
,.000625828,0
,.000574090,0
,.000573400,0
,.000572635,0
,.000595016,0
,.000573815,0
,.000582006,0
,.000598104,0
,.000570269,0
,.000580195,0
,.000580017,0
,.000569019,0
,.000596102,0
,.000574457,0
,.000584597,0
,.000568981,0
,.000576165,0
,.000571873,0
,.000623671,0
,.000579363,0
,.000575731,0
,.000643839,0
,.000614412,0
,.000576554,0
,.000613775,0
,.000572406,0
,.000574797,0
,.000575075,0
,.000574731,0
,.000614943,0
,.000568845,0
,.000570174,0
,.000580900,0
,.000678040,0
,.000583365,0
,.000577246,0
,.000574130,0
,.000571227,0
,.000567968,0
,.000568124,0
,.000573263,0
,.000627221,0
,.004689008,0
,.000575745,0
,.000575296,0
,.000572522,0
,.000574684,0
,.003509515,0
,.003663561,0
,.000568027,0
,.000561377,0
,.000569654,0
,.000566291,0
,.000572761,0
,.000597587,0
,.000568950,0
,.000575861,0
,.000578614,0
,.000565242,0
,.000570385,0
,.000575901,0
,.000577319,0
,.000568454,0
,.000573398,0
,.003120236,0
,.000615985,0
,.000570255,0
,.000570930,0
,.000575135,0
,.000572366,0
,.000620686,0
,.000567405,0
,.000570163,0
,.000565586,0
,.000570925,0
,.000573132,0
,.000569955,0
,.000571488,0
,.000583787,0
,.000574110,0
,.000594822,0
,.000570922,0
,.000586111,0
,.000580337,0
,.000572123,0
,.000574468,0
,.000576553,0
,.000573569,0
,.000599679,0
,.000567575,0
,.000568564,0
,.000599186,0
,.000573466,0
,.000576065,0
,.000584104,0
,.000573395,0
,.000587743,0
,.000566690,0
,.000599359,0
,.000572027,0
,.000575436,0
,.000616585,0
,.000598015,0
,.000570337,0
,.000573340,0
,.000565780,0
,.000625299,0
,.000577334,0
,.000598139,0
,.000572554,0
,.000571782,0
,.000608164,0
,.000580604,0
,.000570427,0
,.000593371,0
,.000577005,0
,.000617438,0
,.000572031,0
,.000570272,0
,.000579350,0
,.000568339,0
,.000569306,0
,.000566912,0
,.000584752,0
,.000569247,0
,.000574043,0
,.000578634,0
,.000573270,0
,.000571750,0
,.000647358,0
,.000593649,0
,.000565361,0
,.000566825,0
,.000585014,0
,.000581146,0
,.000573677,0
,.000572963,0
,.000575048,0
,.000570856,0
,.000582067,0
,.000578722,0
,.000567986,0
,.000568828,0
,.000587842,0
,.000584090,0
,.000599014,0
,.000565009,0
,.000574939,0
,.000585173,0
,.000573245,0
,.000568955,0
,.000592239,0
,.000568338,0
,.000572318,0
,.000573890,0
,.000579884,0
,.000580533,0
,.000604613,0
,.000589874,0
,.000573272,0
,.000568657,0
,.000612118,0
,.000623363,0
,.000573984,0
,.000602401,0
,.000573703,0
,.000570892,0
,.000583343,0
,.000614418,0
,.000573824,0
,.000567979,0
,.000567806,0
,.000581533,0
,.000602250,0
,.000561929,0
,.000575402,0
,.000574936,0
,.000603113,0
,.000572795,0
,.000570475,0
,.000575364,0
,.000582393,0
,.000567124,0
,.000574644,0
,.000591358,0
,.000586664,0
,.000578075,0
,.000624282,0
,.000576853,0
,.000579348,0
,.000584395,0
,.000572542,0
,.000604454,0
,.000574217,0
,.000580450,0
,.000587565,0
,.000629658,0
,.000573681,0
,.000574466,0
,.000570137,0
,.000577723,0
,.000582494,0
,.000571095,0
,.000609410,0
,.000574357,0
,.000580258,0
,.000580998,0
,.000566403,0
,.000600035,0
,.000571045,0
,.000571157,0
,.000597526,0
,.000572395,0
,.000617785,0
,.000576272,0
,.000617981,0
,.000569732,0
,.000578169,0
,.000621654,0
,.000577634,0
,.000604110,0
,.000573638,0
,.000564005,0
,.000637235,0
,.000572463,0
,.000575273,0
,.000573522,0
,.000573924,0
,.000619029,0
,.000584176,0
,.000570174,0
,.000590362,0
,.000569671,0
,.000602275,0
,.000570022,0
,.000566600,0
,.000577011,0
,.000585003,0
,.000570504,0
,.000577569,0
,.000582226,0
,.000621048,0
,.000573765,0
,.000573765,0
,.000597691,0
,.000567499,0
,.000583588,0
,.000582573,0
,.000573298,0
,.000600315,0
,.000567573,0
,.000580612,0
,.000571409,0
,.000573176,0
,.000578772,0
,.000571839,0
,.000592347,0
,.000576333,0
,.000586086,0
,.000579951,0
,.000574222,0
,.000593360,0
,.000568664,0
,.000572806,0
,.000578062,0
,.000596059,0
,.000569048,0
,.000572667,0
,.000580952,0
,.000585614,0
,.000589219,0
,.000577170,0
,.000574578,0
,.000596033,0
,.000579370,0
,.000574357,0
,.000573513,0
,.000578909,0
,.000567968,0
,.000599482,0
,.000580575,0
,.000572135,0
,.000583276,0
,.000568474,0
,.000604567,0
,.000575669,0
,.000573832,0
,.000572293,0
,.000587009,0
,.000578623,0
,.000570377,0
,.000606969,0
,.000569854,0
,.000577279,0
,.000570342,0
,.000622861,0
,.000566842,0
,.000611033,0
,.000563571,0
,.000573275,0
,.000619639,0
,.000577950,0
,.000622088,0
,.000566434,0
,.000605994,0
,.000572031,0
,.000580118,0
,.000625878,0
,.000569428,0
,.000605309,0
,.000576088,0
,.000571119,0
,.000625900,0
,.000582759,0
,.000581942,0
,.000573368,0
,.000603754,0
,.000617295,0
,.000571550,0
,.000575746,0
,.000579986,0
,.000583810,0
,.000568936,0
,.000580698,0
,.000573015,0
,.000619882,0
,.000572912,0
,.000569366,0
,.000566143,0
,.000571000,0
,.000587569,0
,.000572119,0
,.000605898,0
,.000578548,0
,.000573300,0
,.000587820,0
,.000578561,0
,.000581430,0
,.000566914,0
,.000573309,0
,.000590753,0
,.000573662,0
,.000581511,0
,.000569652,0
,.000591919,0
,.000572994,0
,.000579250,0
,.000578164,0
,.000576463,0
,.000593514,0
,.000569457,0
,.000572619,0
,.000572470,0
,.000611701,0
,.000597001,0
,.000568056,0
,.000569423,0
,.000569387,0
,.000625224,0
,.000577416,0
,.000582835,0
,.000568562,0
,.000588518,0
,.000616313,0
,.000580080,0
,.000575050,0
,.000574398,0
,.000567993,0
,.000611666,0
,.000597271,0
,.000569820,0
,.000573649,0
,.000600365,0
,.000571089,0
,.000573822,0
,.000569069,0
,.000594458,0
,.000566808,0
,.000572378,0
,.000573503,0
,.000583746,0
,.000581691,0
,.000566596,0
,.000577688,0
,.000583407,0
,.000572049,0
,.000582592,0
,.000572856,0
,.000562429,0
,.000595732,0
,.000576279,0
,.000584262,0
,.000577122,0
,.000581913,0
,.000572867,0
,.000577431,0
,.000579326,0
,.000581875,0
,.000559138,0
,.000637586,0
,.000573761,0
,.000574799,0
,.000574599,0
,.000572519,0
,.000582992,0
,.000570135,0
,.000627259,0
,.000568373,0
,.000570012,0
,.000611547,0
,.000575977,0
,.000572568,0
,.000566111,0
,.000571492,0
,.000612618,0
,.000580675,0
,.000590118,0
,.000565813,0
,.000571989,0
,.000635259,0
,.000578145,0
,.000575525,0
,.000581348,0
,.000575755,0
,.000637070,0
,.000569516,0
,.000566996,0
,.000612827,0
,.000569026,0
,.000574950,0
,.000583925,0
,.000573829,0
,.000582199,0
,.000580796,0
,.000567993,0
,.000569094,0
,.000566615,0
,.000576223,0
,.000593430,0
,.000572095,0
,.000574409,0
,.000581033,0
,.000577843,0
,.000570942,0
,.000557676,0
,.000603895,0
,.000573577,0
,.000585465,0
,.000575111,0
,.000566608,0
,.000574250,0
,.000593404,0
,.000581226,0
,.000576807,0
,.000577006,0
,.000583625,0
,.000573475,0
,.000569145,0
,.000579713,0
,.000571755,0
,.000603167,0
,.000565448,0
,.000584829,0
,.000573625,0
,.000574014,0
,.000611758,0
,.000610811,0
,.000574827,0
,.000571139,0
,.000579465,0
,.000614145,0
,.000601582,0
,.000571787,0
,.000574798,0
,.000582409,0
,.000582114,0
,.000608495,0
,.000580604,0
,.000574872,0
,.000577211,0
,.000642803,0
,.000571799,0
,.000572755,0
,.004825117,0
,.000574159,0
,.000575952,0
,.000574806,0
,.000575536,0
,.000580299,0
,.000565332,0
,.000573530,0
,.000575575,0
,.000572170,0
,.000577214,0
,.000572178,0
,.000567889,0
,.000570454,0
,.000575576,0
,.000600045,0
,.000571506,0
,.000573408,0
,.000642008,0
,.000570862,0
,.000568658,0
,.000595440,0
,.000569740,0
,.000616638,0
,.000583611,0
,.000574812,0
,.000572944,0
,.000567549,0
,.000619779,0
,.000572781,0
,.000577753,0
,.000569418,0
,.000622281,0
,.000615302,0
,.000568492,0
,.000580117,0
,.000576992,0
,.000576070,0
,.000616898,0
,.000574221,0
,.000585548,0
,.000570838,0
,.000586895,0
,.000574586,0
,.000578241,0
,.000575081,0
,.000572974,0
,.000594500,0
,.000577613,0
,.000568535,0
,.000579411,0
,.000578454,0
,.000559510,0
,.000564957,0
,.000581172,0
,.000572336,0
,.000589057,0
,.000570090,0
,.000568718,0
,.000571984,0
,.000572108,0
,.000581321,0
,.000592920,0
,.000577286,0
,.000569917,0
,.000596600,0
,.000574346,0
,.000573298,0
,.000595551,0
,.000574849,0
,.000573028,0
,.000573741,0
,.000575933,0
,.000576946,0
,.000639387,0
,.000597651,0
,.000573449,0
,.000570865,0
,.000579228,0
,.000624341,0
,.000575374,0
,.000620588,0
,.000567859,0
,.000573284,0
,.000623519,0
,.000598832,0
,.000565496,0
,.000577582,0
,.000577500,0
,.000627605,0
,.000575288,0
,.000574938,0
,.000599384,0
,.000572612,0
,.000568415,0
,.000566031,0
,.000586302,0
,.000578719,0
,.000573399,0
,.000571484,0
,.000579034,0
,.000567692,0
,.000575599,0
,.000571202,0
,.000574357,0
,.000575812,0
,.000622093,0
,.000570691,0
,.000571033,0
,.000574332,0
,.000590386,0
,.000572402,0
,.000585589,0
,.000577576,0
,.000644188,0
,.000577310,0
,.000572326,0
,.000585467,0
,.000593002,0
,.000573438,0
,.000576222,0
,.000578285,0
,.000565914,0
,.000569610,0
,.000581215,0
,.000572225,0
,.000598626,0
,.000574174,0
,.000569600,0
,.000599587,0
,.000572026,0
,.000572466,0
,.000578800,0
,.000575211,0
,.000581916,0
,.000608679,0
,.000570111,0
,.000570818,0
,.000572790,0
,.000575759,0
,.000636133,0
,.000575415,0
,.000565331,0
,.000590530,0
,.000569928,0
,.000632789,0
,.000573148,0
,.000624160,0
,.000585314,0
,.000631180,0
,.000703061,0
,.000573586,0
,.000580469,0
,.000577168,0
,.000577493,0
,.000652742,0
,.000570880,0
,.000575555,0
,.000575893,0
,.000569007,0
,.000634916,0
,.000637030,0
,.000684525,0
,.000564732,0
,.000573945,0
,.001521543,0
,.000572087,0
,.000569071,0
,.000578149,0
,.000574719,0
,.000573879,0
,.000578771,0
,.000589610,0
,.000574715,0
,.000576636,0
,.000566450,0
,.000610395,0
,.000572275,0
,.000580720,0
,.000574555,0
,.000569808,0
,.000563229,0
,.007857358,0
,.000579717,0
,.000609585,0
,.000585281,0
,.000580365,0
,.000581250,0
,.000581518,0
,.000634690,0
,.000585008,0
,.000586457,0
,.000581533,0
,.000583604,0
,.000615203,0
,.000572130,0
,.000584624,0
,.000576957,0
,.000587566,0
,.000642585,0
,.000574540,0
,.000587034,0
,.000586393,0
,.000584205,0
,.000587901,0
,.000579484,0
,.000582144,0
,.000586771,0
,.000579384,0
,.000581703,0
,.000589304,0
,.000583277,0
,.000581848,0
,.000577617,0
,.000585152,0
,.000585862,0
,.000575040,0
,.000586999,0
,.000583994,0
,.000578021,0
,.000582953,0
,.000578443,0
,.000590872,0
,.000576724,0
,.000583155,0
,.000582046,0
,.000580048,0
,.000586784,0
,.000580409,0
,.000588027,0
,.000581604,0
,.000579160,0
,.000602743,0
,.000582979,0
,.000589242,0
,.000584899,0
,.000583625,0
,.000587455,0
,.000586421,0
,.000583659,0
,.000589068,0
,.000581622,0
,.000581432,0
,.000583526,0
,.000584287,0
,.000576798,0
,.000588098,0
,.000589223,0
,.000580815,0
,.000580664,0
,.000587802,0
,.000587707,0
,.000588808,0
,.000578821,0
,.000584383,0
,.000579467,0
,.000584599,0
,.000584806,0
,.000582455,0
,.000580744,0
,.000585896,0
,.000584335,0
,.000578639,0
,.000582795,0
,.000583973,0
,.000587834,0
,.000578169,0
,.000582991,0
,.000583330,0
,.000577964,0
,.000641621,0
,.000577428,0
,.000570645,0
,.000583493,0
,.000578884,0
,.000589714,0
,.000586568,0
,.000582702,0
,.000587977,0
,.000580832,0
,.000592892,0
,.000582719,0
,.000588713,0
,.000584100,0
,.000586998,0
,.000650414,0
,.000586464,0
,.000578342,0
,.000580739,0
,.000585825,0
,.000600807,0
,.000587400,0
,.000575811,0
,.000583800,0
,.000583301,0
,.000585338,0
,.000581401,0
,.000577451,0
,.000580557,0
,.000585229,0
,.000572320,0
,.000582976,0
,.000577283,0
,.000589892,0
,.000582480,0
,.000583388,0
,.000579333,0
,.000577042,0
,.000583417,0
,.000580149,0
,.000586500,0
,.000580927,0
,.000579453,0
,.000586715,0
,.000585538,0
,.000584531,0
,.000580518,0
,.000586460,0
,.000593269,0
,.000580302,0
,.000586436,0
,.000581605,0
,.000580232,0
,.000587620,0
,.000574794,0
,.000582388,0
,.000584996,0
,.000588420,0
,.000584185,0
,.000584290,0
,.000590426,0
,.000583052,0
,.000588979,0
,.000581672,0
,.000582778,0
,.000578948,0
,.000586062,0
,.000584131,0
,.000580144,0
,.000578226,0
,.000582584,0
,.000582891,0
,.000582512,0
,.000577728,0
,.000589875,0
,.000586696,0
,.000616229,0
,.000587717,0
,.000581671,0
,.000587071,0
,.000589551,0
,.000625210,0
,.000580562,0
,.000581702,0
,.000581123,0
,.000586353,0
,.000624364,0
,.000582897,0
,.000586827,0
,.000577343,0
,.000587753,0
,.000617690,0
,.000577728,0
,.000571709,0
,.000586332,0
,.000582420,0
,.000623348,0
,.000581503,0
,.000582732,0
,.000582231,0
,.000575239,0
,.000588702,0
,.000582744,0
,.000577576,0
,.000587148,0
,.000576602,0
,.000581349,0
,.000579030,0
,.000583948,0
,.000587321,0
,.000578440,0
,.000582407,0
,.000582307,0
,.000582229,0
,.000584166,0
,.000579104,0
,.000586788,0
,.000584813,0
,.000582083,0
,.000590939,0
,.000586456,0
,.000576238,0
,.000580794,0
,.000589427,0
,.000585024,0
,.000580655,0
,.000574005,0
,.000582340,0
,.000577085,0
,.000577851,0
,.000588227,0
,.000579205,0
,.000576242,0
,.000579700,0
,.000590762,0
,.000576127,0
,.000571138,0
,.000575536,0
,.000570733,0
,.000570748,0
,.000571350,0
,.000567416,0
,.000568356,0
,.000571027,0
,.000571263,0
,.000569971,0
,.000594882,0
,.000613824,0
,.000574187,0
,.000595300,0
,.000571261,0
,.000575038,0
,.000647470,0
,.000563079,0
,.000576911,0
,.000566516,0
,.000610091,0
,.000616195,0
,.000564351,0
,.000570660,0
,.000582127,0
,.000576713,0
,.000586660,0
,.000566219,0
,.000573625,0
,.000575847,0
,.000568529,0
,.000572381,0
,.000598373,0
,.000573187,0
,.000583143,0
,.000584429,0
,.000579212,0
,.000577861,0
,.000577503,0
,.000584134,0
,.000607770,0
,.000570033,0
,.000576038,0
,.000574176,0
,.000610251,0
,.000572087,0
,.000568937,0
,.000578114,0
,.000589325,0
,.000587807,0
,.000573437,0
,.000602451,0
,.000570413,0
,.000578627,0
,.000584244,0
,.000568048,0
,.000588568,0
,.000577133,0
,.000601292,0
,.000575508,0
,.000574871,0
,.000581882,0
,.000575876,0
,.000569148,0
,.006335177,0
,.000583448,0
,.000581982,0
,.000621232,0
,.000579489,0
,.000576222,0
,.000586606,0
,.000580143,0
,.000615881,0
,.000578538,0
,.000582764,0
,.000589638,0
,.000584180,0
,.000608883,0
,.000585236,0
,.000575547,0
,.000582099,0
,.000588112,0
,.000580318,0
,.000584741,0
,.000575682,0
,.000583658,0
,.000583425,0
,.000577896,0
,.000584847,0
,.000581142,0
,.000574941,0
,.000585094,0
,.000587315,0
,.000583459,0
,.000579725,0
,.000585639,0
,.000582125,0
,.000573448,0
,.008282464,0
,.000584540,0
,.000584171,0
,.000584561,0
,.000577455,0
,.000582645,0
,.000588726,0
,.000582178,0
,.000585043,0
,.000578126,0
,.000579328,0
,.000581954,0
,.000587014,0
,.000580668,0
,.000583198,0
,.000596288,0
,.000586404,0
,.000582365,0
,.000582899,0
,.000586744,0
,.000632097,0
,.000582648,0
,.000581985,0
,.000583602,0
,.000584191,0
,.000607142,0
,.000585776,0
,.000585089,0
,.000586271,0
,.000579582,0
,.000627587,0
,.000577917,0
,.000578517,0
,.000580486,0
,.000582909,0
,.000629074,0
,.000588005,0
,.000586191,0
,.000579966,0
,.000580892,0
,.000624373,0
,.000579661,0
,.000583055,0
,.000582841,0
,.000582450,0
,.000624014,0
,.000583826,0
,.000584922,0
,.000583794,0
,.000582082,0
,.000584339,0
,.000583323,0
,.000582552,0
,.000587071,0
,.000584102,0
,.000580345,0
,.000585443,0
,.000582990,0
,.000583866,0
,.000585100,0
,.000582469,0
,.000585360,0
,.000590154,0
,.000633446,0
,.000578553,0
,.000583618,0
,.000581031,0
,.000580370,0
,.000597256,0
,.000580267,0
,.000584680,0
,.000589690,0
,.000586098,0
,.000580725,0
,.000583326,0
,.000583335,0
,.000579956,0
,.000579618,0
,.000598807,0
,.000582804,0
,.000584384,0
,.000581150,0
,.000584617,0
,.000588957,0
,.000582817,0
,.000580301,0
,.000591870,0
,.000585387,0
,.000588059,0
,.000576167,0
,.000583459,0
,.000583344,0
,.000583688,0
,.000594043,0
,.000583650,0
,.000582500,0
,.000586035,0
,.000579020,0
,.000587074,0
,.000588725,0
,.000578340,0
,.000581597,0
,.000588273,0
,.000581678,0
,.000589204,0
,.000578991,0
,.000584206,0
,.000579457,0
,.000586881,0
,.000583542,0
,.000584270,0
,.000623089,0
,.000578942,0
,.000577159,0
,.000583102,0
,.000575467,0
,.000623970,0
,.000577130,0
,.000587278,0
,.000582393,0
,.000586275,0
,.000630274,0
,.000582358,0
,.000580362,0
,.000590260,0
,.000573191,0
,.000626715,0
,.000585812,0
,.000580102,0
,.000576667,0
,.000584194,0
,.000629845,0
,.000584980,0
,.000575641,0
,.000579161,0
,.000586890,0
,.000618466,0
,.000576976,0
,.000582016,0
,.000581640,0
,.000578457,0
,.000584861,0
,.000585798,0
,.000573918,0
,.000586881,0
,.000585300,0
,.000583707,0
,.000576610,0
,.000582393,0
,.000594986,0
,.000580445,0
,.000584412,0
,.000578987,0
,.000579836,0
,.000589781,0
,.000577967,0
,.000582469,0
,.000583965,0
,.000583830,0
,.000591330,0
,.000584017,0
,.000577055,0
,.000585571,0
,.000584825,0
,.000588029,0
,.000582861,0
,.000587708,0
,.000575868,0
,.000586284,0
,.000625115,0
,.000585126,0
,.000578576,0
,.000578235,0
,.000586104,0
,.000620401,0
,.000583428,0
,.000569220,0
,.000581970,0
,.000574053,0
,.000593209,0
,.000587601,0
,.000582513,0
,.000582825,0
,.000583123,0
,.000587424,0
,.000580893,0
,.000584928,0
,.000583805,0
,.000586774,0
,.000583164,0
,.000583188,0
,.000585605,0
,.000631358,0
,.000582194,0
,.000584448,0
,.000578351,0
,.000582390,0
,.000626891,0
,.000575782,0
,.000580030,0
,.000575286,0
,.000583020,0
,.000617194,0
,.000582025,0
,.000588670,0
,.000582815,0
,.000585424,0
,.000629181,0
,.000581924,0
,.000576599,0
,.000588277,0
,.000586140,0
,.000623454,0
,.000584294,0
,.000588660,0
,.000579395,0
,.000580847,0
,.000622834,0
,.000585574,0
,.000582580,0
,.000579032,0
,.000581577,0
,.000621223,0
,.000583619,0
,.000585592,0
,.000582661,0
,.000597651,0
,.000588717,0
,.000589090,0
,.000584112,0
,.000581342,0
,.000586332,0
,.000584198,0
,.000587544,0
,.000580038,0
,.000577910,0
,.000583666,0
,.000579840,0
,.000585040,0
,.000586779,0
,.000582711,0
,.000582718,0
,.000585440,0
,.000586966,0
,.000582750,0
,.000586138,0
,.000582966,0
,.000582166,0
,.000577159,0
,.000579067,0
,.000585664,0
,.000626644,